Date,Open,High,Low,Close,Adj Close,Volume
2018-07-02 00:00:00+05:30,3.48799991607666,3.5190000534057617,3.322000026702881,3.3589999675750732,3.356860637664795,264550
2018-07-03 00:00:00+05:30,3.378999948501587,3.5739998817443848,3.3010001182556152,3.4079999923706055,3.405829429626465,2183250
2018-07-04 00:00:00+05:30,3.4000000953674316,3.494999885559082,3.359999895095825,3.433000087738037,3.4308135509490967,1826550
2018-07-05 00:00:00+05:30,3.4030001163482666,3.4040000438690186,3.3399999141693115,3.378000020980835,3.3758485317230225,668550
2018-07-06 00:00:00+05:30,3.3259999752044678,3.440000057220459,3.3259999752044678,3.364000082015991,3.3618574142456055,1320350
2018-07-09 00:00:00+05:30,3.372999906539917,3.4110000133514404,3.3289999961853027,3.3940000534057617,3.391838312149048,716900
2018-07-10 00:00:00+05:30,3.390000104904175,3.4560000896453857,3.3399999141693115,3.437000036239624,3.4348108768463135,1123300
2018-07-11 00:00:00+05:30,3.381999969482422,3.3989999294281006,3.312000036239624,3.3519999980926514,3.349865198135376,1728650
2018-07-12 00:00:00+05:30,3.3239998817443848,3.5,3.302000045776367,3.3259999752044678,3.3238816261291504,1681800
2018-07-13 00:00:00+05:30,3.390000104904175,3.4200000762939453,3.25,3.2750000953674316,3.272914171218872,912700
2018-07-16 00:00:00+05:30,3.3499999046325684,3.3499999046325684,3.0880000591278076,3.2890000343322754,3.286905288696289,2839800
2018-07-17 00:00:00+05:30,3.2239999771118164,3.322999954223633,3.131999969482422,3.253000020980835,3.2509281635284424,1977350
2018-07-18 00:00:00+05:30,3.253999948501587,3.299999952316284,3.1600000858306885,3.2219998836517334,3.219947576522827,3371400
2018-07-19 00:00:00+05:30,3.255000114440918,3.255000114440918,3.0810000896453857,3.1589999198913574,3.1569879055023193,1595450
2018-07-20 00:00:00+05:30,3.0999999046325684,3.2149999141693115,3.0339999198913574,3.059000015258789,3.057051658630371,1053150
2018-07-23 00:00:00+05:30,3.0409998893737793,3.2119998931884766,3.0409998893737793,3.200000047683716,3.1979618072509766,1368700
2018-07-24 00:00:00+05:30,3.200000047683716,3.299999952316284,3.190000057220459,3.23799991607666,3.2359375953674316,1646350
2018-07-25 00:00:00+05:30,3.2990000247955322,3.440000057220459,3.234999895095825,3.4089999198913574,3.4068286418914795,3666600
2018-07-26 00:00:00+05:30,3.3989999294281006,3.499000072479248,3.3989999294281006,3.453000068664551,3.450800895690918,4731700
2018-07-27 00:00:00+05:30,3.5,3.568000078201294,3.440000057220459,3.51200008392334,3.509763240814209,3730350
2018-07-30 00:00:00+05:30,3.5409998893737793,3.621000051498413,3.510999917984009,3.6019999980926514,3.599705934524536,3323900
2018-07-31 00:00:00+05:30,3.619999885559082,3.640000104904175,3.5799999237060547,3.611999988555908,3.6096994876861572,3588750
2018-08-01 00:00:00+05:30,3.559999942779541,3.6589999198913574,3.559999942779541,3.6440000534057617,3.641679048538208,3840350
2018-08-02 00:00:00+05:30,3.635999917984009,3.6600000858306885,3.5420000553131104,3.635999917984009,3.6336841583251953,3494450
2018-08-03 00:00:00+05:30,3.635999917984009,3.6510000228881836,3.562000036239624,3.572999954223633,3.5707242488861084,3266800
2018-08-06 00:00:00+05:30,3.440000057220459,3.700000047683716,3.440000057220459,3.683000087738037,3.680654525756836,4828950
2018-08-07 00:00:00+05:30,3.680000066757202,3.7200000286102295,3.4779999256134033,3.694000005722046,3.6916472911834717,6539100
2018-08-08 00:00:00+05:30,3.700000047683716,3.7200000286102295,3.635999917984009,3.691999912261963,3.689648389816284,2978300
2018-08-09 00:00:00+05:30,3.7200000286102295,3.7980000972747803,3.690000057220459,3.765000104904175,3.7626020908355713,9918300
2018-08-10 00:00:00+05:30,3.7730000019073486,3.9000000953674316,3.740000009536743,3.8369998931884766,3.8345561027526855,20862400
2018-08-13 00:00:00+05:30,3.805000066757202,3.869999885559082,3.7760000228881836,3.8420000076293945,3.839553117752075,8494000
2018-08-14 00:00:00+05:30,3.8359999656677246,3.9140000343322754,3.8269999027252197,3.8480000495910645,3.8455493450164795,10207800
2018-08-16 00:00:00+05:30,3.805999994277954,3.869999885559082,3.684000015258789,3.8239998817443848,3.8215644359588623,8805150
2018-08-17 00:00:00+05:30,3.9200000762939453,3.9200000762939453,3.759999990463257,3.8269999027252197,3.8245623111724854,4708250
2018-08-20 00:00:00+05:30,3.819999933242798,3.8970000743865967,3.7160000801086426,3.747999906539917,3.745612859725952,1486600
2018-08-21 00:00:00+05:30,3.740000009536743,3.799999952316284,3.5350000858306885,3.619999885559082,3.617694139480591,823950
2018-08-23 00:00:00+05:30,3.680000066757202,3.680000066757202,3.510999917984009,3.575000047683716,3.572723150253296,1775550
2018-08-24 00:00:00+05:30,3.559999942779541,3.759999990463257,3.559999942779541,3.6070001125335693,3.604702949523926,7880800
2018-08-27 00:00:00+05:30,3.678999900817871,3.678999900817871,3.5999999046325684,3.6010000705718994,3.5987064838409424,1185750
2018-08-28 00:00:00+05:30,3.559999942779541,3.638000011444092,3.559999942779541,3.6070001125335693,3.604702949523926,3646250
2018-08-29 00:00:00+05:30,3.6019999980926514,3.632999897003174,3.5989999771118164,3.614000082015991,3.6116983890533447,2063850
2018-08-30 00:00:00+05:30,3.619999885559082,3.619999885559082,3.5880000591278076,3.6040000915527344,3.6017045974731445,3944450
2018-08-31 00:00:00+05:30,3.6010000705718994,3.640000104904175,3.492000102996826,3.6110000610351562,3.6087002754211426,3630950
2018-09-03 00:00:00+05:30,3.640000104904175,4.2779998779296875,3.640000104904175,4.03000020980835,4.027433395385742,64543650
2018-09-04 00:00:00+05:30,4.0970001220703125,4.159999847412109,3.859999895095825,3.9719998836517334,3.9694700241088867,21552150
2018-09-05 00:00:00+05:30,4.0,4.119999885559082,3.859999895095825,3.882999897003174,3.8805267810821533,6921300
2018-09-06 00:00:00+05:30,3.9149999618530273,4.360000133514404,3.8610000610351562,4.242000102996826,4.239298343658447,48008400
2018-09-07 00:00:00+05:30,4.22599983215332,4.420000076293945,4.199999809265137,4.245999813079834,4.243295669555664,27866300
2018-09-10 00:00:00+05:30,4.258999824523926,4.51800012588501,4.110000133514404,4.203999996185303,4.201322555541992,51179650
2018-09-11 00:00:00+05:30,4.23799991607666,4.289000034332275,4.019999980926514,4.072999954223633,4.070405960083008,11530850
2018-09-12 00:00:00+05:30,4.034999847412109,4.699999809265137,3.819999933242798,4.440000057220459,4.4371724128723145,32867400
2018-09-14 00:00:00+05:30,4.448999881744385,4.71999979019165,4.300000190734863,4.318999767303467,4.316249370574951,33973950
2018-09-17 00:00:00+05:30,4.295000076293945,4.334000110626221,4.173999786376953,4.236999988555908,4.2343010902404785,6829950
2018-09-18 00:00:00+05:30,4.264999866485596,4.776000022888184,4.170000076293945,4.550000190734863,4.547102451324463,50386900
2018-09-19 00:00:00+05:30,4.480000019073486,4.636000156402588,4.322000026702881,4.370999813079834,4.368216037750244,19265300
2018-09-21 00:00:00+05:30,4.366000175476074,4.534999847412109,3.6110000610351562,3.7869999408721924,3.784587860107422,16393200
2018-09-24 00:00:00+05:30,3.7699999809265137,3.9739999771118164,3.5179998874664307,3.5980000495910645,3.5957083702087402,7728150
2018-09-25 00:00:00+05:30,3.5980000495910645,3.7699999809265137,3.421999931335449,3.5269999504089355,3.5247535705566406,7169000
2018-09-26 00:00:00+05:30,3.562999963760376,3.6600000858306885,3.4679999351501465,3.5280001163482666,3.5257530212402344,5241650
2018-09-27 00:00:00+05:30,3.5739998817443848,3.6540000438690186,3.492000102996826,3.5280001163482666,3.5257530212402344,8864200
2018-09-28 00:00:00+05:30,3.5280001163482666,3.549999952316284,3.200000047683716,3.2300000190734863,3.227942705154419,14362950
2018-10-01 00:00:00+05:30,3.3399999141693115,3.438999891281128,3.0409998893737793,3.188999891281128,3.1869688034057617,8861800
2018-10-03 00:00:00+05:30,3.188999891281128,3.3380000591278076,2.9800000190734863,3.1659998893737793,3.1639835834503174,8780400
2018-10-04 00:00:00+05:30,3.1500000953674316,3.180000066757202,2.9639999866485596,3.0510001182556152,3.0490570068359375,6430900
2018-10-05 00:00:00+05:30,3.069000005722046,3.2049999237060547,2.9000000953674316,2.9719998836517334,2.970107078552246,4802800
2018-10-08 00:00:00+05:30,3.009999990463257,3.0950000286102295,2.739000082015991,2.880000114440918,2.8781657218933105,3399750
2018-10-09 00:00:00+05:30,2.861999988555908,2.9709999561309814,2.819999933242798,2.8320000171661377,2.8301963806152344,10463100
2018-10-10 00:00:00+05:30,2.8420000076293945,3.359999895095825,2.680000066757202,3.2279999256134033,3.2259440422058105,13525600
2018-10-11 00:00:00+05:30,3.119999885559082,3.119999885559082,2.9709999561309814,3.0209999084472656,3.019075870513916,5305300
2018-10-12 00:00:00+05:30,3.0450000762939453,3.140000104904175,3.010999917984009,3.0329999923706055,3.0310683250427246,6502250
2018-10-15 00:00:00+05:30,2.990000009536743,3.109999895095825,2.9200000762939453,2.9630000591278076,2.9611129760742188,1997250
2018-10-16 00:00:00+05:30,2.990999937057495,3.1600000858306885,2.944000005722046,2.997999906539917,2.9960904121398926,5953500
2018-10-17 00:00:00+05:30,3.066999912261963,3.0980000495910645,2.880000114440918,2.9089999198913574,2.907147169113159,2857900
2018-10-19 00:00:00+05:30,2.9140000343322754,2.944999933242798,2.8239998817443848,2.8529999256134033,2.851182699203491,590150
2018-10-22 00:00:00+05:30,2.88100004196167,2.8989999294281006,2.7249999046325684,2.828000068664551,2.8261988162994385,828200
2018-10-23 00:00:00+05:30,2.7200000286102295,2.8389999866485596,2.7039999961853027,2.736999988555908,2.7352566719055176,338550
2018-10-24 00:00:00+05:30,2.763000011444092,2.8589999675750732,2.5799999237060547,2.6429998874664307,2.6413164138793945,850900
2018-10-25 00:00:00+05:30,2.5409998893737793,2.6449999809265137,2.5,2.546999931335449,2.545377731323242,857600
2018-10-26 00:00:00+05:30,2.4609999656677246,2.7990000247955322,2.4609999656677246,2.615999937057495,2.6143338680267334,1339800
2018-10-29 00:00:00+05:30,2.6410000324249268,2.9630000591278076,2.5999999046325684,2.8489999771118164,2.8471853733062744,3094250
2018-10-30 00:00:00+05:30,2.811000108718872,2.9000000953674316,2.7039999961853027,2.736999988555908,2.7352566719055176,943050
2018-10-31 00:00:00+05:30,2.740000009536743,3.240000009536743,2.7130000591278076,3.046999931335449,3.0450592041015625,4327300
2018-11-01 00:00:00+05:30,3.0999999046325684,3.200000047683716,2.802000045776367,2.9570000171661377,2.9551167488098145,3726900
2018-11-02 00:00:00+05:30,2.943000078201294,3.2980000972747803,2.930999994277954,3.1570000648498535,3.154989242553711,11663050
2018-11-05 00:00:00+05:30,3.140000104904175,3.6050000190734863,2.5420000553131104,3.203000068664551,3.2009599208831787,26125150
2018-11-06 00:00:00+05:30,3.2139999866485596,3.5199999809265137,3.178999900817871,3.440000057220459,3.4378089904785156,5111950
2018-11-07 00:00:00+05:30,3.4600000381469727,3.6600000858306885,3.443000078201294,3.559999942779541,3.557732582092285,11179600
2018-11-09 00:00:00+05:30,3.5889999866485596,3.6389999389648438,3.494999885559082,3.555000066757202,3.5527358055114746,2500450
2018-11-12 00:00:00+05:30,3.5969998836517334,3.677000045776367,3.4630000591278076,3.496000051498413,3.4937734603881836,5167400
2018-11-13 00:00:00+05:30,3.4600000381469727,3.631999969482422,3.4130001068115234,3.575000047683716,3.572723150253296,1294050
2018-11-14 00:00:00+05:30,3.563999891281128,4.289999961853027,3.4800000190734863,4.244999885559082,4.24229621887207,118370350
2018-11-15 00:00:00+05:30,4.244999885559082,4.440000057220459,4.110000133514404,4.244999885559082,4.24229621887207,13335250
2018-11-16 00:00:00+05:30,4.177999973297119,4.260000228881836,4.0,4.014999866485596,4.012442588806152,4945250
2018-11-19 00:00:00+05:30,4.001999855041504,4.059999942779541,3.9100000858306885,3.9260001182556152,3.923499584197998,1300600
2018-11-20 00:00:00+05:30,3.859999895095825,4.077000141143799,3.819999933242798,3.8469998836517334,3.8445498943328857,8157450
2018-11-21 00:00:00+05:30,3.821000099182129,3.880000114440918,3.740000009536743,3.752000093460083,3.749610424041748,981500
2018-11-22 00:00:00+05:30,3.7850000858306885,3.8359999656677246,3.7019999027252197,3.7119998931884766,3.7096357345581055,608200
2018-11-26 00:00:00+05:30,3.819999933242798,3.8399999141693115,3.7200000286102295,3.796999931335449,3.794581651687622,3163550
2018-11-27 00:00:00+05:30,3.819999933242798,3.8949999809265137,3.744999885559082,3.7669999599456787,3.7646007537841797,3142800
2018-11-28 00:00:00+05:30,3.7660000324249268,3.8340001106262207,3.677999973297119,3.697000026702881,3.694645404815674,1364900
2018-11-29 00:00:00+05:30,3.757999897003174,3.7890000343322754,3.634999990463257,3.681999921798706,3.679654836654663,699600
2018-11-30 00:00:00+05:30,3.6670000553131104,3.7799999713897705,3.6029999256134033,3.6640000343322754,3.6616663932800293,575000
2018-12-03 00:00:00+05:30,3.6679999828338623,3.7799999713897705,3.6410000324249268,3.674999952316284,3.672659397125244,5429700
2018-12-04 00:00:00+05:30,3.759999990463257,3.7750000953674316,3.6659998893737793,3.687999963760376,3.6856510639190674,227200
2018-12-05 00:00:00+05:30,3.7339999675750732,3.7339999675750732,3.6600000858306885,3.681999921798706,3.679654836654663,3366700
2018-12-06 00:00:00+05:30,3.6570000648498535,3.677999973297119,3.444000005722046,3.555000066757202,3.5527358055114746,478500
2018-12-07 00:00:00+05:30,3.638000011444092,3.680000066757202,3.421999931335449,3.493000030517578,3.4907753467559814,595100
2018-12-10 00:00:00+05:30,3.4739999771118164,3.4739999771118164,3.305000066757202,3.322000026702881,3.3198843002319336,384750
2018-12-11 00:00:00+05:30,3.259999990463257,3.5320000648498535,3.236999988555908,3.2909998893737793,3.2889037132263184,2022900
2018-12-12 00:00:00+05:30,3.3529999256134033,3.5999999046325684,3.302000045776367,3.5510001182556152,3.548738479614258,9495850
2018-12-13 00:00:00+05:30,3.569000005722046,3.6740000247955322,3.5209999084472656,3.549999952316284,3.547738790512085,2212550
2018-12-14 00:00:00+05:30,3.568000078201294,3.7139999866485596,3.503000020980835,3.5209999084472656,3.5187575817108154,2709150
2018-12-17 00:00:00+05:30,3.5409998893737793,3.5799999237060547,3.48799991607666,3.505000114440918,3.50276780128479,1043600
2018-12-18 00:00:00+05:30,3.500999927520752,3.628000020980835,3.431999921798706,3.6010000705718994,3.5987064838409424,1691150
2018-12-19 00:00:00+05:30,3.6010000705718994,3.6760001182556152,3.5510001182556152,3.63700008392334,3.634683847427368,1819550
2018-12-20 00:00:00+05:30,3.6029999256134033,3.614000082015991,3.5160000324249268,3.5329999923706055,3.530749797821045,762350
2018-12-21 00:00:00+05:30,3.51200008392334,3.558000087738037,3.4059998989105225,3.437999963760376,3.4358103275299072,272200
2018-12-24 00:00:00+05:30,3.428999900817871,3.5989999771118164,3.2820000648498535,3.562999963760376,3.5607306957244873,7950000
2018-12-26 00:00:00+05:30,3.50600004196167,3.7339999675750732,3.50600004196167,3.681999921798706,3.679654836654663,2935700
2018-12-27 00:00:00+05:30,3.7119998931884766,3.8289999961853027,3.700000047683716,3.802000045776367,3.7995786666870117,3620950
2018-12-28 00:00:00+05:30,3.7899999618530273,3.9019999504089355,3.7899999618530273,3.878000020980835,3.8755300045013428,3342700
2018-12-31 00:00:00+05:30,3.878999948501587,4.066999912261963,3.878999948501587,3.940000057220459,3.937490701675415,4449700
2019-01-01 00:00:00+05:30,3.9549999237060547,4.059999942779541,3.930000066757202,4.015999794006348,4.013442039489746,2941250
2019-01-02 00:00:00+05:30,3.9830000400543213,4.048999786376953,3.884000062942505,3.9560000896453857,3.9534804821014404,2192050
2019-01-03 00:00:00+05:30,3.9000000953674316,4.020999908447266,3.8440001010894775,3.9089999198913574,3.906510353088379,1052000
2019-01-04 00:00:00+05:30,3.8429999351501465,3.9590001106262207,3.8429999351501465,3.946000099182129,3.9434869289398193,226650
2019-01-07 00:00:00+05:30,3.9519999027252197,4.056000232696533,3.940999984741211,4.015999794006348,4.013442039489746,1343400
2019-01-08 00:00:00+05:30,3.931999921798706,4.116000175476074,3.931999921798706,4.017000198364258,4.01444149017334,2095900
2019-01-09 00:00:00+05:30,4.001999855041504,4.099999904632568,4.001999855041504,4.065999984741211,4.063410758972168,3248750
2019-01-10 00:00:00+05:30,4.039999961853027,4.078999996185303,4.034999847412109,4.046999931335449,4.044422149658203,1136000
2019-01-11 00:00:00+05:30,4.059999942779541,4.083000183105469,4.054999828338623,4.060999870300293,4.058413505554199,1910550
2019-01-14 00:00:00+05:30,4.0,4.039999961853027,3.947000026702881,4.011000156402588,4.0084452629089355,922950
2019-01-15 00:00:00+05:30,4.019999980926514,4.039999961853027,4.0,4.033999919891357,4.031430721282959,2835000
2019-01-16 00:00:00+05:30,4.0329999923706055,4.099999904632568,4.0329999923706055,4.078999996185303,4.076402187347412,2404200
2019-01-17 00:00:00+05:30,4.080999851226807,4.269999980926514,4.070000171661377,4.172999858856201,4.170341968536377,3783700
2019-01-18 00:00:00+05:30,4.181000232696533,4.215000152587891,4.099999904632568,4.140999794006348,4.138362407684326,1247750
2019-01-21 00:00:00+05:30,4.159999847412109,4.159999847412109,4.019999980926514,4.044000148773193,4.04142427444458,2125350
2019-01-22 00:00:00+05:30,4.081999778747559,4.098999977111816,3.9820001125335693,4.065999984741211,4.063410758972168,1169650
2019-01-23 00:00:00+05:30,4.078999996185303,4.099999904632568,3.9800000190734863,4.01200008392334,4.0094451904296875,624700
2019-01-24 00:00:00+05:30,3.9040000438690186,4.085999965667725,3.802000045776367,3.880000114440918,3.8775289058685303,915550
2019-01-25 00:00:00+05:30,3.880000114440918,4.053999900817871,3.561000108718872,3.943000078201294,3.940488576889038,18738350
2019-01-28 00:00:00+05:30,3.940000057220459,3.9760000705718994,3.7860000133514404,3.8919999599456787,3.8895211219787598,2478850
2019-01-29 00:00:00+05:30,3.819999933242798,3.937999963760376,3.7639999389648438,3.8940000534057617,3.8915200233459473,1142500
2019-01-30 00:00:00+05:30,3.8989999294281006,3.999000072479248,3.7990000247955322,3.9700000286102295,3.9674713611602783,1583300
2019-01-31 00:00:00+05:30,4.010000228881836,4.079999923706055,3.921999931335449,4.065999984741211,4.063410758972168,2950900
2019-02-01 00:00:00+05:30,4.059000015258789,4.166999816894531,3.9660000801086426,4.099999904632568,4.097388744354248,3978600
2019-02-04 00:00:00+05:30,4.060999870300293,4.138000011444092,3.9800000190734863,3.996999979019165,3.9944543838500977,1212150
2019-02-05 00:00:00+05:30,3.9790000915527344,4.019000053405762,3.880000114440918,3.9700000286102295,3.9674713611602783,861800
2019-02-06 00:00:00+05:30,3.9609999656677246,4.0,3.861999988555908,3.936000108718872,3.9334933757781982,373750
2019-02-07 00:00:00+05:30,3.881999969482422,3.993000030517578,3.8329999446868896,3.9260001182556152,3.923499584197998,4799950
2019-02-08 00:00:00+05:30,3.9240000247955322,3.9660000801086426,3.877000093460083,3.947000026702881,3.944486141204834,3297800
2019-02-11 00:00:00+05:30,3.884999990463257,4.0279998779296875,3.859999895095825,3.990999937057495,3.9884579181671143,505600
2019-02-12 00:00:00+05:30,3.9730000495910645,4.039999961853027,3.859999895095825,4.000999927520752,3.9984514713287354,1708550
2019-02-14 00:00:00+05:30,3.930000066757202,4.010000228881836,3.882999897003174,3.934999942779541,3.9324936866760254,255350
2019-02-15 00:00:00+05:30,3.9820001125335693,4.0370001792907715,3.8610000610351562,3.9040000438690186,3.9015135765075684,5928500
2019-02-18 00:00:00+05:30,3.88100004196167,3.937999963760376,3.8420000076293945,3.871000051498413,3.868534803390503,217450
2019-02-19 00:00:00+05:30,3.8420000076293945,4.039999961853027,3.8420000076293945,4.019000053405762,4.016440391540527,1836200
2019-02-20 00:00:00+05:30,4.039000034332275,4.21999979019165,4.008999824523926,4.064000129699707,4.0614118576049805,2127500
2019-02-21 00:00:00+05:30,4.059999942779541,4.138000011444092,3.941999912261963,4.10099983215332,4.098387718200684,962650
2019-02-22 00:00:00+05:30,4.078999996185303,4.090000152587891,4.039999961853027,4.065999984741211,4.063410758972168,213450
2019-02-25 00:00:00+05:30,4.0970001220703125,4.199999809265137,4.019999980926514,4.052000045776367,4.049419403076172,1484750
2019-02-26 00:00:00+05:30,3.9790000915527344,4.019000053405762,3.921999931335449,3.9660000801086426,3.9634740352630615,1226600
2019-02-27 00:00:00+05:30,3.999000072479248,4.026000022888184,3.859999895095825,3.88100004196167,3.878528118133545,722950
2019-02-28 00:00:00+05:30,3.9159998893737793,4.038000106811523,3.8910000324249268,4.0,3.9974524974823,2636150
2019-03-01 00:00:00+05:30,4.040999889373779,4.047999858856201,3.943000078201294,4.019000053405762,4.016440391540527,1417700
2019-03-05 00:00:00+05:30,4.017000198364258,4.066999912261963,3.9700000286102295,4.013000011444092,4.010444164276123,2214450
2019-03-06 00:00:00+05:30,4.038000106811523,4.099999904632568,3.992000102996826,4.03000020980835,4.027433395385742,3306350
2019-03-07 00:00:00+05:30,4.0320000648498535,4.038000106811523,3.890000104904175,3.9630000591278076,3.9604761600494385,2818300
2019-03-08 00:00:00+05:30,4.019999980926514,4.03000020980835,3.9019999504089355,4.011000156402588,4.0084452629089355,1741400
2019-03-11 00:00:00+05:30,4.125999927520752,4.126999855041504,3.930000066757202,3.989000082015991,3.986459493637085,2185400
2019-03-12 00:00:00+05:30,4.0370001792907715,4.044000148773193,3.9639999866485596,4.001999855041504,3.999450922012329,1316600
2019-03-13 00:00:00+05:30,4.064000129699707,4.2779998779296875,3.9600000381469727,4.015999794006348,4.013442039489746,31282400
2019-03-14 00:00:00+05:30,4.03000020980835,4.03000020980835,3.76200008392334,3.8959999084472656,3.8935184478759766,8929950
2019-03-15 00:00:00+05:30,3.890000104904175,3.994999885559082,3.8420000076293945,3.9000000953674316,3.8975160121917725,4058000
2019-03-18 00:00:00+05:30,3.861999988555908,4.019000053405762,3.8499999046325684,3.9010000228881836,3.898515462875366,20485350
2019-03-19 00:00:00+05:30,3.9010000228881836,3.930000066757202,3.74399995803833,3.815999984741211,3.8135695457458496,4974300
2019-03-20 00:00:00+05:30,3.8399999141693115,4.139999866485596,3.812000036239624,4.052999973297119,4.050418376922607,27465150
2019-03-22 00:00:00+05:30,4.099999904632568,4.181000232696533,3.9760000705718994,4.048999786376953,4.046420574188232,17232250
2019-03-25 00:00:00+05:30,3.986999988555908,4.015999794006348,3.8450000286102295,3.950000047683716,3.947484254837036,15868950
2019-03-26 00:00:00+05:30,3.9779999256134033,4.046999931335449,3.815000057220459,3.8380000591278076,3.8355555534362793,5140450
2019-03-27 00:00:00+05:30,3.8580000400543213,3.888000011444092,3.734999895095825,3.7960000038146973,3.7935824394226074,5699700
2019-03-28 00:00:00+05:30,3.8010001182556152,3.9179999828338623,3.7690000534057617,3.884000062942505,3.881526470184326,2569450
2019-04-01 00:00:00+05:30,3.8320000171661377,3.940000057220459,3.7960000038146973,3.8259999752044678,3.8235630989074707,3068600
2019-04-02 00:00:00+05:30,3.8389999866485596,3.9200000762939453,3.8389999866485596,3.88700008392334,3.8845245838165283,3194450
2019-04-03 00:00:00+05:30,3.8910000324249268,4.019999980926514,3.7200000286102295,3.7339999675750732,3.731621742248535,26305600
2019-04-04 00:00:00+05:30,3.799999952316284,3.8299999237060547,3.7239999771118164,3.750999927520752,3.7486109733581543,5677700
2019-04-05 00:00:00+05:30,3.759999990463257,3.864000082015991,3.6579999923706055,3.691999912261963,3.689648389816284,8382400
2019-04-08 00:00:00+05:30,3.7200000286102295,3.805000066757202,3.681999921798706,3.7929999828338623,3.7905843257904053,3907800
2019-04-09 00:00:00+05:30,3.8389999866485596,3.8389999866485596,3.697000026702881,3.7119998931884766,3.7096357345581055,7510350
2019-04-10 00:00:00+05:30,3.7119998931884766,3.8380000591278076,3.700000047683716,3.749000072479248,3.746612310409546,4515950
2019-04-11 00:00:00+05:30,3.73799991607666,3.799999952316284,3.696000099182129,3.7039999961853027,3.701641082763672,9250600
2019-04-12 00:00:00+05:30,3.7200000286102295,3.7200000286102295,3.561000108718872,3.6019999980926514,3.599705934524536,1389600
2019-04-15 00:00:00+05:30,3.631999969482422,3.694000005722046,3.5220000743865967,3.6659998893737793,3.6636648178100586,5060900
2019-04-16 00:00:00+05:30,3.6670000553131104,3.6740000247955322,3.571000099182129,3.5950000286102295,3.592710256576538,1141150
2019-04-18 00:00:00+05:30,3.6110000610351562,3.634000062942505,3.4200000762939453,3.490000009536743,3.4877772331237793,1722300
2019-04-22 00:00:00+05:30,3.4800000190734863,3.5199999809265137,3.437000036239624,3.4839999675750732,3.481781005859375,2185100
2019-04-23 00:00:00+05:30,3.503999948501587,3.7260000705718994,3.503999948501587,3.674999952316284,3.672659397125244,7174800
2019-04-24 00:00:00+05:30,3.680000066757202,3.739000082015991,3.571000099182129,3.5989999771118164,3.596707820892334,8063400
2019-04-25 00:00:00+05:30,3.640000104904175,3.640000104904175,3.427999973297119,3.4700000286102295,3.467790126800537,4069850
2019-04-26 00:00:00+05:30,3.486999988555908,3.6449999809265137,3.434000015258789,3.5299999713897705,3.5277516841888428,6789550
2019-04-30 00:00:00+05:30,3.5450000762939453,3.556999921798706,3.4649999141693115,3.510999917984009,3.5087637901306152,1317200
2019-05-02 00:00:00+05:30,3.5250000953674316,3.759000062942505,3.4700000286102295,3.6440000534057617,3.641679048538208,23113950
2019-05-03 00:00:00+05:30,3.6730000972747803,3.6730000972747803,3.5199999809265137,3.5350000858306885,3.5327486991882324,8664450
2019-05-06 00:00:00+05:30,3.492000102996826,3.578000068664551,3.440000057220459,3.5299999713897705,3.5277516841888428,2234400
2019-05-07 00:00:00+05:30,3.5739998817443848,3.5739998817443848,3.4719998836517334,3.5169999599456787,3.5147600173950195,1603700
2019-05-08 00:00:00+05:30,3.510999917984009,3.555999994277954,3.440999984741211,3.4709999561309814,3.4687893390655518,3873750
2019-05-09 00:00:00+05:30,3.4549999237060547,3.5510001182556152,3.430999994277954,3.4549999237060547,3.4527993202209473,2203650
2019-05-10 00:00:00+05:30,3.4790000915527344,3.5190000534057617,3.365999937057495,3.4570000171661377,3.4547982215881348,1276950
2019-05-13 00:00:00+05:30,3.447999954223633,3.5139999389648438,3.4049999713897705,3.453000068664551,3.450800895690918,9299900
2019-05-14 00:00:00+05:30,3.4189999103546143,3.5,3.4019999504089355,3.48799991607666,3.485778331756592,3902450
2019-05-15 00:00:00+05:30,3.5380001068115234,3.5390000343322754,3.4700000286102295,3.507999897003174,3.505765676498413,4258200
2019-05-16 00:00:00+05:30,3.5190000534057617,3.5380001068115234,3.4690001010894775,3.509000062942505,3.506765127182007,1711800
2019-05-17 00:00:00+05:30,3.4600000381469727,3.5789999961853027,3.4070000648498535,3.437999963760376,3.4358103275299072,3553950
2019-05-20 00:00:00+05:30,3.5320000648498535,3.630000114440918,3.4800000190734863,3.565999984741211,3.5637288093566895,2617950
2019-05-21 00:00:00+05:30,3.566999912261963,3.6600000858306885,3.440999984741211,3.5980000495910645,3.5957083702087402,22219400
2019-05-22 00:00:00+05:30,3.621000051498413,3.678999900817871,3.5920000076293945,3.6600000858306885,3.6576690673828125,4433650
2019-05-23 00:00:00+05:30,3.6589999198913574,3.734999895095825,3.6459999084472656,3.7160000801086426,3.7136332988739014,5456300
2019-05-24 00:00:00+05:30,3.7190001010894775,3.815000057220459,3.6689999103546143,3.803999900817871,3.801577091217041,10037400
2019-05-27 00:00:00+05:30,3.8469998836517334,3.9189999103546143,3.821000099182129,3.9149999618530273,3.912506580352783,9386950
2019-05-28 00:00:00+05:30,3.9000000953674316,4.019000053405762,3.9000000953674316,4.002999782562256,4.000450134277344,7797100
2019-05-29 00:00:00+05:30,4.019000053405762,4.050000190734863,4.004000186920166,4.017000198364258,4.01444149017334,4829850
2019-05-30 00:00:00+05:30,4.040999889373779,4.067999839782715,4.019000053405762,4.060999870300293,4.058413505554199,4042100
2019-05-31 00:00:00+05:30,4.048999786376953,4.0879998207092285,4.019999980926514,4.070000171661377,4.067407608032227,4130650
2019-06-03 00:00:00+05:30,4.059999942779541,4.107999801635742,4.02400016784668,4.1020002365112305,4.0993876457214355,4635350
2019-06-04 00:00:00+05:30,4.099999904632568,4.129000186920166,4.0980000495910645,4.122000217437744,4.119374752044678,4502100
2019-06-06 00:00:00+05:30,4.129000186920166,4.129000186920166,3.9030001163482666,4.033999919891357,4.031430721282959,3134950
2019-06-07 00:00:00+05:30,4.020999908447266,4.078999996185303,4.008999824523926,4.063000202178955,4.060412406921387,1727450
2019-06-10 00:00:00+05:30,4.067999839782715,4.098999977111816,4.019999980926514,4.085000038146973,4.082398414611816,2651400
2019-06-11 00:00:00+05:30,4.098999977111816,4.14900016784668,4.067999839782715,4.129000186920166,4.126370429992676,2297900
2019-06-12 00:00:00+05:30,4.130000114440918,4.14900016784668,4.031000137329102,4.125,4.122373104095459,2588300
2019-06-13 00:00:00+05:30,4.120999813079834,4.120999813079834,3.9600000381469727,4.040999889373779,4.038426399230957,863400
2019-06-14 00:00:00+05:30,4.0960001945495605,4.28000020980835,4.019999980926514,4.209000110626221,4.206319332122803,6926150
2019-06-17 00:00:00+05:30,4.300000190734863,4.300000190734863,4.151000022888184,4.2789998054504395,4.276274681091309,4274400
2019-06-18 00:00:00+05:30,4.2789998054504395,4.340000152587891,4.257999897003174,4.307000160217285,4.304256916046143,4931050
2019-06-19 00:00:00+05:30,4.2820000648498535,4.3480000495910645,4.099999904632568,4.171999931335449,4.169342517852783,6425650
2019-06-20 00:00:00+05:30,4.171000003814697,4.2179999351501465,4.0970001220703125,4.163000106811523,4.160348892211914,3382800
2019-06-21 00:00:00+05:30,4.090000152587891,4.164000034332275,4.065000057220459,4.0920000076293945,4.089393615722656,2646650
2019-06-24 00:00:00+05:30,4.047999858856201,4.144999980926514,3.9739999771118164,4.079999923706055,4.077401161193848,1210750
2019-06-25 00:00:00+05:30,4.0,4.138000011444092,3.864000082015991,4.067999839782715,4.065409183502197,3591950
2019-06-26 00:00:00+05:30,4.0,4.132999897003174,4.0,4.078999996185303,4.076402187347412,1213850
2019-06-27 00:00:00+05:30,4.039999961853027,4.1579999923706055,4.039999961853027,4.117000102996826,4.114377975463867,1545850
2019-06-28 00:00:00+05:30,4.041999816894531,4.136000156402588,4.039999961853027,4.072000026702881,4.069406509399414,1544000
2019-07-01 00:00:00+05:30,4.072000026702881,4.10099983215332,4.039999961853027,4.061999797821045,4.059412956237793,1181150
2019-07-02 00:00:00+05:30,4.001999855041504,4.130000114440918,4.001999855041504,4.119999885559082,4.11737585067749,2732450
2019-07-03 00:00:00+05:30,4.041999816894531,4.136000156402588,4.041999816894531,4.111999988555908,4.109381198883057,2968750
2019-07-04 00:00:00+05:30,4.059999942779541,4.26800012588501,4.059999942779541,4.109000205993652,4.106383323669434,1840400
2019-07-05 00:00:00+05:30,4.059999942779541,4.21999979019165,4.059999942779541,4.1020002365112305,4.0993876457214355,3322250
2019-07-08 00:00:00+05:30,4.118000030517578,4.124000072479248,3.9200000762939453,4.072000026702881,4.069406509399414,6560500
2019-07-09 00:00:00+05:30,4.019999980926514,4.0970001220703125,3.9600000381469727,4.076000213623047,4.073403835296631,5602300
2019-07-10 00:00:00+05:30,4.0,4.11899995803833,3.9200000762939453,4.01200008392334,4.0094451904296875,2411950
2019-07-11 00:00:00+05:30,3.941999912261963,4.060999870300293,3.941999912261963,4.050000190734863,4.047420978546143,871700
2019-07-12 00:00:00+05:30,3.9679999351501465,4.079999923706055,3.934000015258789,4.059999942779541,4.0574140548706055,2532050
2019-07-15 00:00:00+05:30,4.001999855041504,4.048999786376953,3.943000078201294,4.01200008392334,4.0094451904296875,5956350
2019-07-16 00:00:00+05:30,3.940999984741211,4.039999961853027,3.940999984741211,4.0229997634887695,4.020437717437744,4002000
2019-07-17 00:00:00+05:30,4.059999942779541,4.139999866485596,4.0,4.078000068664551,4.075402736663818,7223650
2019-07-18 00:00:00+05:30,4.059999942779541,4.083000183105469,3.880000114440918,3.8989999294281006,3.8965165615081787,1123100
2019-07-19 00:00:00+05:30,3.9000000953674316,3.9590001106262207,3.2109999656677246,3.4719998836517334,3.4697885513305664,3312050
2019-07-22 00:00:00+05:30,3.5399999618530273,3.746000051498413,3.3299999237060547,3.6659998893737793,3.6636648178100586,6146200
2019-07-23 00:00:00+05:30,3.563999891281128,3.8420000076293945,3.563999891281128,3.815000057220459,3.812570333480835,4394400
2019-07-24 00:00:00+05:30,3.6600000858306885,3.8399999141693115,3.6600000858306885,3.803999900817871,3.801577091217041,1329000
2019-07-25 00:00:00+05:30,3.742000102996826,3.8389999866485596,3.7019999027252197,3.808000087738037,3.805574655532837,3696600
2019-07-26 00:00:00+05:30,3.700000047683716,3.8399999141693115,3.694000005722046,3.822999954223633,3.8205652236938477,2842300
2019-07-29 00:00:00+05:30,3.822999954223633,3.8529999256134033,3.622999906539917,3.7339999675750732,3.731621742248535,4110750
2019-07-30 00:00:00+05:30,3.6619999408721924,3.7799999713897705,3.63100004196167,3.7179999351501465,3.7156319618225098,4257550
2019-07-31 00:00:00+05:30,3.569999933242798,3.75600004196167,3.569999933242798,3.697000026702881,3.694645404815674,5557450
2019-08-01 00:00:00+05:30,3.5999999046325684,3.7990000247955322,3.5989999771118164,3.678999900817871,3.676656723022461,5705950
2019-08-02 00:00:00+05:30,3.5859999656677246,3.739000082015991,3.562999963760376,3.621999979019165,3.6196930408477783,1915850
2019-08-05 00:00:00+05:30,3.558000087738037,3.680000066757202,3.299999952316284,3.634999990463257,3.6326849460601807,6861250
2019-08-06 00:00:00+05:30,3.5460000038146973,3.697999954223633,3.5460000038146973,3.6640000343322754,3.6616663932800293,2577850
2019-08-07 00:00:00+05:30,3.6760001182556152,3.694000005722046,3.4660000801086426,3.6429998874664307,3.6406795978546143,3102000
2019-08-08 00:00:00+05:30,3.5409998893737793,3.747999906539917,3.5409998893737793,3.7139999866485596,3.711634397506714,4160250
2019-08-09 00:00:00+05:30,3.687999963760376,3.7899999618530273,3.686000108718872,3.7820000648498535,3.7795913219451904,4208450
2019-08-13 00:00:00+05:30,3.759999990463257,3.8010001182556152,3.617000102996826,3.742000102996826,3.739616870880127,2107650
2019-08-14 00:00:00+05:30,3.7209999561309814,3.799999952316284,3.63100004196167,3.7869999408721924,3.784587860107422,3545900
2019-08-16 00:00:00+05:30,3.73799991607666,3.740000009536743,3.680000066757202,3.7109999656677246,3.7086362838745117,387900
2019-08-19 00:00:00+05:30,3.7200000286102295,3.7799999713897705,3.7200000286102295,3.756999969482422,3.7546069622039795,2424800
2019-08-20 00:00:00+05:30,3.759000062942505,3.809000015258789,3.6410000324249268,3.6710000038146973,3.6686618328094482,5795050
2019-08-21 00:00:00+05:30,3.6700000762939453,3.694000005722046,3.6010000705718994,3.684000015258789,3.6816537380218506,3744550
2019-08-22 00:00:00+05:30,3.625,3.759999990463257,3.552000045776367,3.630000114440918,3.62768816947937,2841500
2019-08-23 00:00:00+05:30,3.7179999351501465,3.7179999351501465,3.5179998874664307,3.615999937057495,3.613697052001953,5242100
2019-08-26 00:00:00+05:30,3.630000114440918,3.811000108718872,3.571000099182129,3.7880001068115234,3.7855875492095947,8161250
2019-08-27 00:00:00+05:30,3.7790000438690186,3.819999933242798,3.684999942779541,3.7939999103546143,3.79158353805542,6170950
2019-08-28 00:00:00+05:30,3.7899999618530273,3.7980000972747803,3.635999917984009,3.6740000247955322,3.6716599464416504,2154850
2019-08-29 00:00:00+05:30,3.697999954223633,3.7799999713897705,3.625,3.697999954223633,3.6956446170806885,4835900
2019-08-30 00:00:00+05:30,3.7179999351501465,3.878999948501587,3.6419999599456787,3.681999921798706,3.679654836654663,4468350
2019-09-03 00:00:00+05:30,3.6989998817443848,3.7339999675750732,3.621999979019165,3.690999984741211,3.6886491775512695,1763050
2019-09-04 00:00:00+05:30,3.690999984741211,3.7260000705718994,3.625,3.697999954223633,3.6956446170806885,1862450
2019-09-05 00:00:00+05:30,3.697999954223633,3.759999990463257,3.6429998874664307,3.7309999465942383,3.728623867034912,3847800
2019-09-06 00:00:00+05:30,3.7200000286102295,3.796999931335449,3.687000036239624,3.736999988555908,3.7346198558807373,3524150
2019-09-09 00:00:00+05:30,3.740000009536743,3.7679998874664307,3.6429998874664307,3.674999952316284,3.672659397125244,3267800
2019-09-11 00:00:00+05:30,3.674999952316284,3.7130000591278076,3.6429998874664307,3.6989998817443848,3.6966440677642822,1325150
2019-09-12 00:00:00+05:30,3.7100000381469727,3.808000087738037,3.6649999618530273,3.697999954223633,3.6956446170806885,5741050
2019-09-13 00:00:00+05:30,3.7100000381469727,3.7260000705718994,3.6500000953674316,3.671999931335449,3.669661283493042,7694050
2019-09-16 00:00:00+05:30,3.6449999809265137,3.7019999027252197,3.619999885559082,3.684000015258789,3.6816537380218506,1846650
2019-09-17 00:00:00+05:30,3.747999906539917,3.75,3.6019999980926514,3.690000057220459,3.687649726867676,3471200
2019-09-18 00:00:00+05:30,3.6610000133514404,3.7170000076293945,3.6600000858306885,3.7049999237060547,3.7026402950286865,1222250
2019-09-19 00:00:00+05:30,3.7090001106262207,3.740000009536743,3.6110000610351562,3.696000099182129,3.693646192550659,1824950
2019-09-20 00:00:00+05:30,3.700000047683716,4.400000095367432,3.6610000133514404,3.8399999141693115,3.8375542163848877,15872850
2019-09-23 00:00:00+05:30,3.890000104904175,4.0980000495910645,3.740000009536743,3.7980000972747803,3.795581340789795,8703700
2019-09-24 00:00:00+05:30,3.7780001163482666,3.818000078201294,3.680000066757202,3.7009999752044678,3.6986427307128906,5423550
2019-09-25 00:00:00+05:30,3.697999954223633,3.7360000610351562,3.609999895095825,3.6740000247955322,3.6716599464416504,7193600
2019-09-26 00:00:00+05:30,3.697000026702881,3.7179999351501465,3.6110000610351562,3.6429998874664307,3.6406795978546143,5172650
2019-09-27 00:00:00+05:30,3.677999973297119,3.681999921798706,3.5980000495910645,3.6619999408721924,3.659667730331421,3371700
2019-09-30 00:00:00+05:30,3.6050000190734863,3.694000005722046,3.5,3.565999984741211,3.5637288093566895,4237950
2019-10-01 00:00:00+05:30,3.575000047683716,3.61299991607666,3.4609999656677246,3.496999979019165,3.4947729110717773,3082350
2019-10-03 00:00:00+05:30,3.5399999618530273,3.638000011444092,3.4119999408721924,3.568000078201294,3.565727710723877,7790200
2019-10-04 00:00:00+05:30,3.6600000858306885,3.6600000858306885,3.496000051498413,3.559000015258789,3.5567333698272705,6043050
2019-10-07 00:00:00+05:30,3.515000104904175,3.680000066757202,3.441999912261963,3.4630000591278076,3.460794448852539,3360250
2019-10-09 00:00:00+05:30,3.5339999198913574,3.5339999198913574,3.380000114440918,3.490999937057495,3.488776445388794,5771500
2019-10-10 00:00:00+05:30,3.507999897003174,3.509000062942505,3.4000000953674316,3.430000066757202,3.4278156757354736,3059300
2019-10-11 00:00:00+05:30,3.4260001182556152,3.4820001125335693,3.4159998893737793,3.4590001106262207,3.4567971229553223,2786250
2019-10-14 00:00:00+05:30,3.4590001106262207,3.5999999046325684,3.4019999504089355,3.5390000343322754,3.536746025085449,4889350
2019-10-15 00:00:00+05:30,3.5980000495910645,3.5980000495910645,3.440000057220459,3.4600000381469727,3.457796335220337,1630650
2019-10-16 00:00:00+05:30,3.48799991607666,3.507999897003174,3.2829999923706055,3.3259999752044678,3.3238816261291504,3674100
2019-10-17 00:00:00+05:30,3.2799999713897705,3.319000005722046,3.132999897003174,3.2330000400543213,3.2309410572052,4033300
2019-10-18 00:00:00+05:30,3.23799991607666,3.3440001010894775,3.119999885559082,3.242000102996826,3.2399353981018066,4800900
2019-10-22 00:00:00+05:30,3.257999897003174,3.257999897003174,3.130000114440918,3.1679999828338623,3.165982246398926,2741650
2019-10-23 00:00:00+05:30,3.1679999828338623,3.2100000381469727,3.1500000953674316,3.178999900817871,3.1769750118255615,6456800
2019-10-24 00:00:00+05:30,3.197999954223633,3.234999895095825,3.0480000972747803,3.0880000591278076,3.086033344268799,2002650
2019-10-25 00:00:00+05:30,3.1579999923706055,3.1579999923706055,2.9709999561309814,3.075000047683716,3.0730416774749756,2862100
2019-10-27 00:00:00+05:30,2.9709999561309814,3.115999937057495,2.9709999561309814,3.059999942779541,3.0580508708953857,195250
2019-10-29 00:00:00+05:30,2.9600000381469727,3.119999885559082,2.9539999961853027,3.0360000133514404,3.0340662002563477,2352700
2019-10-30 00:00:00+05:30,3.0369999408721924,3.0439999103546143,2.9600000381469727,3.009000062942505,3.0070836544036865,955350
2019-10-31 00:00:00+05:30,2.990999937057495,3.127000093460083,2.990999937057495,3.0199999809265137,3.0180764198303223,1834250
2019-11-01 00:00:00+05:30,2.990999937057495,3.059999942779541,2.9809999465942383,3.0360000133514404,3.0340662002563477,1147700
2019-11-04 00:00:00+05:30,2.986999988555908,3.072999954223633,2.9600000381469727,2.9730000495910645,2.97110652923584,971800
2019-11-05 00:00:00+05:30,2.9609999656677246,3.140000104904175,2.9609999656677246,3.0299999713897705,3.0280702114105225,3903050
2019-11-06 00:00:00+05:30,3.0399999618530273,3.259999990463257,3.009999990463257,3.2170000076293945,3.214951276779175,5479600
2019-11-07 00:00:00+05:30,3.249000072479248,3.5179998874664307,3.203000068664551,3.2219998836517334,3.219947576522827,8158800
2019-11-08 00:00:00+05:30,3.200000047683716,3.2869999408721924,3.127000093460083,3.177999973297119,3.175975799560547,3265300
2019-11-11 00:00:00+05:30,3.131999969482422,3.2070000171661377,3.1029999256134033,3.1700000762939453,3.1679811477661133,1522500
2019-11-13 00:00:00+05:30,3.191999912261963,3.2799999713897705,3.059999942779541,3.1670000553131104,3.164983034133911,1462750
2019-11-14 00:00:00+05:30,3.125,3.1670000553131104,2.947999954223633,3.0420000553131104,3.040062665939331,1303900
2019-11-15 00:00:00+05:30,3.000999927520752,3.2119998931884766,2.989000082015991,3.0239999294281006,3.022073984146118,5531600
2019-11-18 00:00:00+05:30,3.0369999408721924,3.058000087738037,2.9830000400543213,3.0339999198913574,3.0320677757263184,1769650
2019-11-19 00:00:00+05:30,3.0399999618530273,3.0999999046325684,3.0179998874664307,3.0209999084472656,3.019075870513916,1014750
2019-11-20 00:00:00+05:30,3.059999942779541,3.140000104904175,2.9170000553131104,2.941999912261963,2.9401259422302246,1938250
2019-11-21 00:00:00+05:30,2.9800000190734863,3.2939999103546143,2.9690001010894775,3.006999969482422,3.005084991455078,3841250
2019-11-22 00:00:00+05:30,3.00600004196167,3.059999942779541,2.9100000858306885,2.9649999141693115,2.963111639022827,1305750
2019-11-25 00:00:00+05:30,2.9040000438690186,3.015000104904175,2.8970000743865967,2.98799991607666,2.9860970973968506,2530450
2019-11-26 00:00:00+05:30,2.9630000591278076,2.990999937057495,2.8970000743865967,2.9690001010894775,2.967108964920044,1069750
2019-11-27 00:00:00+05:30,2.997999906539917,2.997999906539917,2.9130001068115234,2.927999973297119,2.9261350631713867,1797100
2019-11-28 00:00:00+05:30,2.9700000286102295,3.0220000743865967,2.872999906539917,2.9140000343322754,2.912144184112549,2115150
2019-11-29 00:00:00+05:30,2.9739999771118164,2.9739999771118164,2.880000114440918,2.8970000743865967,2.8951549530029297,4652700
2019-12-02 00:00:00+05:30,2.924999952316284,2.924999952316284,2.819999933242798,2.8510000705718994,2.849184274673462,4760200
2019-12-03 00:00:00+05:30,2.8580000400543213,2.878999948501587,2.799999952316284,2.8399999141693115,2.838191270828247,994850
2019-12-04 00:00:00+05:30,2.763000011444092,2.871999979019165,2.7139999866485596,2.753000020980835,2.751246690750122,1552050
2019-12-05 00:00:00+05:30,2.7780001163482666,2.8380000591278076,2.7660000324249268,2.802999973297119,2.8012146949768066,934100
2019-12-06 00:00:00+05:30,2.822000026702881,2.8380000591278076,2.6010000705718994,2.634999990463257,2.633321762084961,1515950
2019-12-09 00:00:00+05:30,2.638000011444092,2.638000011444092,2.4100000858306885,2.427000045776367,2.4254543781280518,2234250
2019-12-10 00:00:00+05:30,2.4010000228881836,2.4070000648498535,1.9420000314712524,1.996999979019165,1.9957280158996582,8065500
2019-12-11 00:00:00+05:30,1.940000057220459,2.0390000343322754,1.8990000486373901,1.965000033378601,1.963748574256897,3499850
2019-12-12 00:00:00+05:30,1.9539999961853027,1.9859999418258667,1.88100004196167,1.8860000371932983,1.8847988843917847,1017150
2019-12-13 00:00:00+05:30,1.899999976158142,1.9570000171661377,1.8609999418258667,1.88100004196167,1.8798019886016846,500900
2019-12-16 00:00:00+05:30,1.9199999570846558,1.9800000190734863,1.8450000286102295,1.8839999437332153,1.8827999830245972,950250
2019-12-17 00:00:00+05:30,1.9199999570846558,1.9199999570846558,1.850000023841858,1.878999948501587,1.8778032064437866,161300
2019-12-18 00:00:00+05:30,1.899999976158142,1.9199999570846558,1.8259999752044678,1.8760000467300415,1.874805212020874,274350
2019-12-19 00:00:00+05:30,1.8600000143051147,1.899999976158142,1.8270000219345093,1.8539999723434448,1.8528192043304443,200400
2019-12-20 00:00:00+05:30,1.8270000219345093,2.0,1.8229999542236328,1.9160000085830688,1.9147796630859375,1230800
2019-12-23 00:00:00+05:30,1.899999976158142,2.0399999618530273,1.899999976158142,1.9950000047683716,1.9937293529510498,1035700
2019-12-24 00:00:00+05:30,1.9880000352859497,2.0799999237060547,1.9850000143051147,2.0510001182556152,2.0496938228607178,794500
2019-12-26 00:00:00+05:30,2.049999952316284,2.0759999752044678,1.9980000257492065,2.0409998893737793,2.0397000312805176,1529750
2019-12-27 00:00:00+05:30,2.0199999809265137,2.0999999046325684,2.010999917984009,2.0280001163482666,2.0267086029052734,607800
2019-12-30 00:00:00+05:30,2.0299999713897705,2.2300000190734863,2.0299999713897705,2.203000068664551,2.201596975326538,2290600
2019-12-31 00:00:00+05:30,2.2799999713897705,2.3980000019073486,2.2039999961853027,2.371999979019165,2.3704893589019775,1992750
2020-01-01 00:00:00+05:30,2.381999969482422,2.4600000381469727,2.325000047683716,2.4240000247955322,2.4224562644958496,1316050
2020-01-02 00:00:00+05:30,2.4240000247955322,2.4779999256134033,2.359999895095825,2.4639999866485596,2.462430715560913,715350
2020-01-03 00:00:00+05:30,2.497999906539917,2.5299999713897705,2.4579999446868896,2.5139999389648438,2.5123987197875977,2660400
2020-01-06 00:00:00+05:30,2.5199999809265137,2.5199999809265137,2.4000000953674316,2.48799991607666,2.486415386199951,1597900
2020-01-07 00:00:00+05:30,2.509999990463257,2.571000099182129,2.509999990463257,2.5460000038146973,2.5443785190582275,297200
2020-01-08 00:00:00+05:30,2.5160000324249268,2.6059999465942383,2.427999973297119,2.5850000381469727,2.5833537578582764,680550
2020-01-09 00:00:00+05:30,2.619999885559082,2.690000057220459,2.5899999141693115,2.628999948501587,2.6273255348205566,557550
2020-01-10 00:00:00+05:30,2.628999948501587,2.640000104904175,2.61299991607666,2.628999948501587,2.6273255348205566,117400
2020-01-13 00:00:00+05:30,2.627000093460083,2.6600000858306885,2.5999999046325684,2.6470000743865967,2.6453142166137695,212700
2020-01-14 00:00:00+05:30,2.6579999923706055,2.6670000553131104,2.515000104904175,2.6459999084472656,2.6443145275115967,3149400
2020-01-15 00:00:00+05:30,2.630000114440918,2.6619999408721924,2.61899995803833,2.6480000019073486,2.646313428878784,2525600
2020-01-16 00:00:00+05:30,2.61299991607666,2.6559998989105225,2.6010000705718994,2.640000104904175,2.6383185386657715,2111950
2020-01-17 00:00:00+05:30,2.640000104904175,2.674999952316284,2.609999895095825,2.6619999408721924,2.660304546356201,1102850
2020-01-20 00:00:00+05:30,2.680000066757202,2.691999912261963,2.5999999046325684,2.634000062942505,2.6323225498199463,378400
2020-01-21 00:00:00+05:30,2.634000062942505,2.680000066757202,2.634000062942505,2.6619999408721924,2.660304546356201,143400
2020-01-22 00:00:00+05:30,2.627000093460083,2.677999973297119,2.625999927520752,2.6760001182556152,2.6742959022521973,1702300
2020-01-23 00:00:00+05:30,2.625,2.6989998817443848,2.625,2.680000066757202,2.678293228149414,509350
2020-01-24 00:00:00+05:30,2.621999979019165,2.697999954223633,2.621999979019165,2.684999942779541,2.6832900047302246,515700
2020-01-27 00:00:00+05:30,2.700000047683716,2.7130000591278076,2.632999897003174,2.680000066757202,2.678293228149414,643650
2020-01-28 00:00:00+05:30,2.6619999408721924,2.7339999675750732,2.6619999408721924,2.7130000591278076,2.7112720012664795,805700
2020-01-29 00:00:00+05:30,2.7100000381469727,2.739000082015991,2.700000047683716,2.73799991607666,2.7362561225891113,113500
2020-01-30 00:00:00+05:30,2.73799991607666,2.739000082015991,2.7049999237060547,2.7279999256134033,2.7262625694274902,245550
2020-01-31 00:00:00+05:30,2.739000082015991,2.75,2.7279999256134033,2.743000030517578,2.741252899169922,261500
2020-02-03 00:00:00+05:30,2.76200008392334,2.7990000247955322,2.7200000286102295,2.7909998893737793,2.789222240447998,750900
2020-02-04 00:00:00+05:30,2.7990000247955322,2.8380000591278076,2.7990000247955322,2.8269999027252197,2.8251993656158447,386950
2020-02-05 00:00:00+05:30,2.819999933242798,2.8380000591278076,2.799999952316284,2.8310000896453857,2.8291969299316406,412300
2020-02-06 00:00:00+05:30,2.8389999866485596,2.8459999561309814,2.8299999237060547,2.8389999866485596,2.8371918201446533,333250
2020-02-07 00:00:00+05:30,2.8469998836517334,2.8559999465942383,2.7899999618530273,2.8440001010894775,2.842188835144043,160800
2020-02-10 00:00:00+05:30,2.8489999771118164,2.8540000915527344,2.822000026702881,2.8440001010894775,2.842188835144043,932750
2020-02-11 00:00:00+05:30,2.8440001010894775,2.8989999294281006,2.8440001010894775,2.88100004196167,2.8791651725769043,1493750
2020-02-12 00:00:00+05:30,2.8970000743865967,2.8980000019073486,2.8239998817443848,2.8589999675750732,2.8571791648864746,4136250
2020-02-13 00:00:00+05:30,2.880000114440918,2.880000114440918,2.8399999141693115,2.869999885559082,2.8681721687316895,3831100
2020-02-14 00:00:00+05:30,2.8469998836517334,2.9539999961853027,2.8469998836517334,2.943000078201294,2.9411256313323975,3079700
2020-02-17 00:00:00+05:30,2.940000057220459,2.940000057220459,2.885999917984009,2.921999931335449,2.9201388359069824,2399200
2020-02-18 00:00:00+05:30,2.9000000953674316,2.938999891281128,2.888000011444092,2.9089999198913574,2.907147169113159,2659950
2020-02-19 00:00:00+05:30,2.9560000896453857,3.010999917984009,2.944000005722046,3.000999927520752,2.9990885257720947,1098250
2020-02-20 00:00:00+05:30,3.009999990463257,3.052000045776367,3.000999927520752,3.0510001182556152,3.0490570068359375,1123200
2020-02-24 00:00:00+05:30,3.049999952316284,3.049999952316284,3.003999948501587,3.0239999294281006,3.022073984146118,280700
2020-02-25 00:00:00+05:30,3.078000068664551,3.078000068664551,3.01200008392334,3.052000045776367,3.050056219100952,625200
2020-02-26 00:00:00+05:30,3.0899999141693115,3.0899999141693115,3.0199999809265137,3.0350000858306885,3.033066987991333,172350
2020-02-27 00:00:00+05:30,3.0230000019073486,3.0899999141693115,2.9639999866485596,3.055999994277954,3.054053783416748,490550
2020-02-28 00:00:00+05:30,3.0399999618530273,3.055000066757202,2.9639999866485596,3.0339999198913574,3.0320677757263184,845800
2020-03-02 00:00:00+05:30,3.0199999809265137,3.0799999237060547,3.0199999809265137,3.072000026702881,3.0700435638427734,2964000
2020-03-03 00:00:00+05:30,3.0199999809265137,3.0969998836517334,3.003999948501587,3.0789999961853027,3.0770390033721924,337950
2020-03-04 00:00:00+05:30,3.1050000190734863,3.1050000190734863,2.938999891281128,3.0190000534057617,3.0170772075653076,417100
2020-03-05 00:00:00+05:30,3.009999990463257,3.0739998817443848,2.989000082015991,3.059999942779541,3.0580508708953857,501500
2020-03-06 00:00:00+05:30,2.9820001125335693,3.056999921798706,2.930000066757202,2.999000072479248,2.9970901012420654,728200
2020-03-09 00:00:00+05:30,3.0179998874664307,3.0179998874664307,2.7780001163482666,2.9059998989105225,2.904149055480957,1105450
2020-03-11 00:00:00+05:30,2.9049999713897705,2.930000066757202,2.700000047683716,2.9189999103546143,2.9171407222747803,1528700
2020-03-12 00:00:00+05:30,2.8289999961853027,2.86299991607666,2.628000020980835,2.753000020980835,2.751246690750122,586150
2020-03-13 00:00:00+05:30,2.5999999046325684,2.7899999618530273,2.4779999256134033,2.5369999408721924,2.535384178161621,3881000
2020-03-16 00:00:00+05:30,2.5,2.6549999713897705,2.299999952316284,2.38700008392334,2.385479688644409,195050
2020-03-17 00:00:00+05:30,2.3410000801086426,2.625,2.1500000953674316,2.5420000553131104,2.5403811931610107,6168100
2020-03-18 00:00:00+05:30,2.4030001163482666,2.7160000801086426,2.2899999618530273,2.430999994277954,2.4294514656066895,229200
2020-03-19 00:00:00+05:30,2.2019999027252197,2.4000000953674316,2.187999963760376,2.197000026702881,2.195600986480713,264300
2020-03-20 00:00:00+05:30,2.246999979019165,2.4159998893737793,1.9780000448226929,2.361999988555908,2.3604955673217773,2244500
2020-03-23 00:00:00+05:30,2.1600000858306885,2.2170000076293945,2.125999927520752,2.1630001068115234,2.1616225242614746,56100
2020-03-24 00:00:00+05:30,1.9600000381469727,2.299999952316284,1.9500000476837158,2.2100000381469727,2.208592414855957,758400
2020-03-25 00:00:00+05:30,1.9900000095367432,2.430999994277954,1.9900000095367432,2.374000072479248,2.372488021850586,623400
2020-03-26 00:00:00+05:30,2.440000057220459,2.5,2.200000047683716,2.368000030517578,2.3664917945861816,178950
2020-03-27 00:00:00+05:30,2.5920000076293945,2.5920000076293945,2.4000000953674316,2.48799991607666,2.486415386199951,142850
2020-03-30 00:00:00+05:30,2.4000000953674316,2.5290000438690186,2.259999990463257,2.513000011444092,2.511399507522583,326650
2020-03-31 00:00:00+05:30,2.4000000953674316,2.700000047683716,2.4000000953674316,2.5850000381469727,2.5833537578582764,5194100
2020-04-01 00:00:00+05:30,2.6010000705718994,2.6010000705718994,2.5,2.568000078201294,2.5663645267486572,132850
2020-04-03 00:00:00+05:30,2.559999942779541,2.569000005722046,2.4200000762939453,2.5260000228881836,2.5243911743164062,37650
2020-04-07 00:00:00+05:30,2.5999999046325684,2.5999999046325684,2.303999900817871,2.5169999599456787,2.5153968334198,231400
2020-04-08 00:00:00+05:30,2.4489998817443848,2.5350000858306885,2.359999895095825,2.444000005722046,2.442443370819092,80400
2020-04-09 00:00:00+05:30,2.4779999256134033,2.4779999256134033,2.380000114440918,2.443000078201294,2.441444158554077,101350
2020-04-13 00:00:00+05:30,2.4000000953674316,2.5999999046325684,2.059000015258789,2.4189999103546143,2.41745924949646,278700
2020-04-15 00:00:00+05:30,2.4779999256134033,2.48799991607666,2.299999952316284,2.306999921798706,2.305530548095703,177000
2020-04-16 00:00:00+05:30,2.319999933242798,2.4000000953674316,2.299999952316284,2.3559999465942383,2.354499578475952,66350
2020-04-17 00:00:00+05:30,2.369999885559082,2.496999979019165,2.302000045776367,2.3310000896453857,2.3295154571533203,120650
2020-04-20 00:00:00+05:30,2.309999942779541,2.4110000133514404,2.259999990463257,2.2909998893737793,2.2895405292510986,96650
2020-04-21 00:00:00+05:30,2.319999933242798,2.380000114440918,2.2899999618530273,2.3329999446868896,2.3315141201019287,60300
2020-04-22 00:00:00+05:30,2.3589999675750732,2.380000114440918,2.299999952316284,2.312999963760376,2.3115270137786865,184800
2020-04-23 00:00:00+05:30,2.311000108718872,2.3299999237060547,2.2799999713897705,2.2850000858306885,2.2835447788238525,157150
2020-04-24 00:00:00+05:30,2.319000005722046,2.3399999141693115,2.259999990463257,2.308000087738037,2.306530237197876,180950
2020-04-27 00:00:00+05:30,2.302999973297119,2.3489999771118164,2.240000009536743,2.259999990463257,2.2585606575012207,82250
2020-04-28 00:00:00+05:30,2.319000005722046,2.319000005722046,2.171999931335449,2.2809998989105225,2.2795472145080566,568850
2020-04-29 00:00:00+05:30,2.240000009536743,2.3350000381469727,2.2200000286102295,2.2720000743865967,2.27055287361145,901700
2020-04-30 00:00:00+05:30,2.259999990463257,2.3389999866485596,2.240999937057495,2.259999990463257,2.2585606575012207,555800
2020-05-04 00:00:00+05:30,2.3010001182556152,2.3589999675750732,2.260999917984009,2.322000026702881,2.320521116256714,269500
2020-05-05 00:00:00+05:30,2.2809998989105225,2.390000104904175,2.2279999256134033,2.38100004196167,2.379483699798584,4258000
2020-05-06 00:00:00+05:30,2.38100004196167,2.5,2.3350000381469727,2.4519999027252197,2.4504382610321045,1447750
2020-05-07 00:00:00+05:30,2.4630000591278076,2.753999948501587,2.4000000953674316,2.688999891281128,2.6872870922088623,4191400
2020-05-08 00:00:00+05:30,2.700000047683716,2.700000047683716,2.640000104904175,2.6619999408721924,2.660304546356201,5363100
2020-05-11 00:00:00+05:30,2.697999954223633,2.7799999713897705,2.6610000133514404,2.7309999465942383,2.7292606830596924,4543350
2020-05-12 00:00:00+05:30,2.683000087738037,2.7239999771118164,2.5999999046325684,2.615000009536743,2.6133346557617188,1864550
2020-05-13 00:00:00+05:30,2.6389999389648438,2.9149999618530273,2.6010000705718994,2.8450000286102295,2.8431880474090576,10172300
2020-05-14 00:00:00+05:30,2.8980000019073486,2.8980000019073486,2.819999933242798,2.821000099182129,2.8192033767700195,6320650
2020-05-15 00:00:00+05:30,2.802999973297119,2.999000072479248,2.799999952316284,2.936000108718872,2.9341301918029785,3484300
2020-05-18 00:00:00+05:30,2.936000108718872,2.936000108718872,2.8499999046325684,2.878999948501587,2.877166271209717,979200
2020-05-19 00:00:00+05:30,2.8610000610351562,3.0199999809265137,2.8499999046325684,3.002000093460083,3.0000882148742676,4069650
2020-05-20 00:00:00+05:30,2.9800000190734863,3.068000078201294,2.9630000591278076,3.0320000648498535,3.03006911277771,6002550
2020-05-21 00:00:00+05:30,3.0250000953674316,3.0350000858306885,2.9800000190734863,2.9809999465942383,2.9791014194488525,3549400
2020-05-22 00:00:00+05:30,2.9619998931884766,3.0759999752044678,2.799999952316284,2.989000082015991,2.9870963096618652,3267050
2020-05-26 00:00:00+05:30,2.9010000228881836,3.5859999656677246,2.6489999294281006,3.506999969482422,3.5047662258148193,34299250
2020-05-27 00:00:00+05:30,3.559999942779541,3.681999921798706,3.3399999141693115,3.6670000553131104,3.6646645069122314,3850150
2020-05-28 00:00:00+05:30,3.680000066757202,3.8499999046325684,3.5799999237060547,3.822999954223633,3.8205652236938477,2654950
2020-05-29 00:00:00+05:30,3.940000057220459,3.940000057220459,3.631999969482422,3.687000036239624,3.6846516132354736,843350
2020-06-01 00:00:00+05:30,3.5399999618530273,3.7899999618530273,3.505000114440918,3.6050000190734863,3.6027040481567383,429300
2020-06-02 00:00:00+05:30,3.5,3.7200000286102295,3.4619998931884766,3.7130000591278076,3.710635185241699,926450
2020-06-03 00:00:00+05:30,3.757999897003174,3.757999897003174,3.5280001163482666,3.5390000343322754,3.536746025085449,123850
2020-06-04 00:00:00+05:30,3.5,3.7149999141693115,3.380000114440918,3.7149999141693115,3.7126338481903076,210200
2020-06-05 00:00:00+05:30,3.700000047683716,3.9000000953674316,3.562999963760376,3.9000000953674316,3.8975160121917725,728900
2020-06-08 00:00:00+05:30,3.940000057220459,4.09499979019165,3.9000000953674316,4.080999851226807,4.078400611877441,944650
2020-06-09 00:00:00+05:30,4.28000020980835,4.28000020980835,3.940000057220459,4.008999824523926,4.006446361541748,947900
2020-06-10 00:00:00+05:30,4.008999824523926,4.209000110626221,4.0,4.202000141143799,4.199324131011963,417050
2020-06-11 00:00:00+05:30,4.239999771118164,4.4120001792907715,4.142000198364258,4.313000202178955,4.310253143310547,3465550
2020-06-12 00:00:00+05:30,4.4039998054504395,4.5279998779296875,4.199999809265137,4.525000095367432,4.522118091583252,4355850
2020-06-15 00:00:00+05:30,4.711999893188477,4.75,4.400000095367432,4.429999828338623,4.427178382873535,1112050
2020-06-16 00:00:00+05:30,4.619999885559082,4.619999885559082,4.421999931335449,4.421999931335449,4.419183731079102,2398150
2020-06-17 00:00:00+05:30,4.440000057220459,4.64300012588501,4.414999961853027,4.64300012588501,4.640043258666992,4214650
2020-06-18 00:00:00+05:30,4.732999801635742,4.875,4.684999942779541,4.873000144958496,4.86989688873291,1892200
2020-06-19 00:00:00+05:30,4.89900016784668,4.940000057220459,4.699999809265137,4.76200008392334,4.758967399597168,610650
2020-06-22 00:00:00+05:30,4.784999847412109,4.978000164031982,4.739999771118164,4.822999954223633,4.819928169250488,1906200
2020-06-23 00:00:00+05:30,4.824999809265137,5.064000129699707,4.824999809265137,4.993000030517578,4.9898200035095215,567850
2020-06-24 00:00:00+05:30,5.2179999351501465,5.239999771118164,5.025000095367432,5.0320000648498535,5.02879524230957,862800
2020-06-25 00:00:00+05:30,5.239999771118164,5.239999771118164,5.0279998779296875,5.080999851226807,5.077763557434082,667050
2020-06-26 00:00:00+05:30,5.218999862670898,5.260000228881836,4.980000019073486,5.059999942779541,5.056777000427246,1298700
2020-06-29 00:00:00+05:30,5.313000202178955,5.313000202178955,5.059999942779541,5.309999942779541,5.3066182136535645,1823200
2020-06-30 00:00:00+05:30,5.559999942779541,5.574999809265137,5.329999923706055,5.38100004196167,5.377573013305664,403500
2020-07-01 00:00:00+05:30,5.627999782562256,5.650000095367432,5.239999771118164,5.513000011444092,5.509488582611084,1947150
2020-07-02 00:00:00+05:30,5.744999885559082,5.789999961853027,5.690000057220459,5.789999961853027,5.786312580108643,208700
2020-07-03 00:00:00+05:30,6.074999809265137,6.074999809265137,6.03000020980835,6.074999809265137,6.071130752563477,873300
2020-07-06 00:00:00+05:30,6.375,6.375,6.369999885559082,6.375,6.3709397315979,1855680
2020-07-07 00:00:00+05:30,6.574999809265137,6.574999809265137,6.090000152587891,6.119999885559082,6.1161017417907715,1893210
2020-07-08 00:00:00+05:30,5.849999904632568,6.425000190734863,5.849999904632568,6.215000152587891,6.2110419273376465,1183920
2020-07-09 00:00:00+05:30,6.309999942779541,6.525000095367432,6.0,6.244999885559082,6.241022109985352,2377050
2020-07-10 00:00:00+05:30,6.300000190734863,6.304999828338623,6.050000190734863,6.065000057220459,6.0611371994018555,1263840
2020-07-13 00:00:00+05:30,6.25,6.289999961853027,5.849999904632568,5.864999771118164,5.861264228820801,320600
2020-07-14 00:00:00+05:30,6.079999923706055,6.15500020980835,5.804999828338623,6.099999904632568,6.0961151123046875,477900
2020-07-15 00:00:00+05:30,6.289999961853027,6.40500020980835,5.855000019073486,6.34499979019165,6.340958595275879,1492120
2020-07-16 00:00:00+05:30,6.340000152587891,6.659999847412109,6.300000190734863,6.659999847412109,6.655758380889893,508210
2020-07-17 00:00:00+05:30,6.989999771118164,6.989999771118164,6.650000095367432,6.679999828338623,6.675745010375977,317970
2020-07-20 00:00:00+05:30,6.679999828338623,6.900000095367432,6.480000019073486,6.525000095367432,6.520844459533691,787520
2020-07-21 00:00:00+05:30,6.525000095367432,6.78000020980835,6.375,6.420000076293945,6.4159111976623535,180040
2020-07-22 00:00:00+05:30,6.420000076293945,6.585000038146973,6.199999809265137,6.364999771118164,6.360946178436279,2990940
2020-07-23 00:00:00+05:30,6.579999923706055,6.579999923706055,6.199999809265137,6.269999980926514,6.2660064697265625,2215090
2020-07-24 00:00:00+05:30,6.230000019073486,6.579999923706055,6.199999809265137,6.579999923706055,6.575809478759766,1100420
2020-07-27 00:00:00+05:30,6.684999942779541,6.90500020980835,6.644999980926514,6.900000095367432,6.895605564117432,2593780
2020-07-28 00:00:00+05:30,7.09499979019165,7.244999885559082,6.925000190734863,7.195000171661377,7.190417766571045,2484670
2020-07-29 00:00:00+05:30,7.005000114440918,7.474999904632568,7.0,7.059999942779541,7.0555033683776855,2703840
2020-07-30 00:00:00+05:30,7.0,7.409999847412109,7.0,7.300000190734863,7.295351028442383,4142740
2020-07-31 00:00:00+05:30,7.635000228881836,7.664999961853027,7.210000038146973,7.659999847412109,7.655120849609375,2602390
2020-08-03 00:00:00+05:30,7.849999904632568,7.849999904632568,7.429999828338623,7.485000133514404,7.480233192443848,124750
2020-08-04 00:00:00+05:30,7.800000190734863,7.800000190734863,7.409999847412109,7.510000228881836,7.505217552185059,1635190
2020-08-05 00:00:00+05:30,7.800000190734863,7.885000228881836,7.409999847412109,7.880000114440918,7.87498140335083,847840
2020-08-06 00:00:00+05:30,7.900000095367432,7.949999809265137,7.699999809265137,7.820000171661377,7.815019607543945,640610
2020-08-07 00:00:00+05:30,7.925000190734863,7.949999809265137,7.699999809265137,7.929999828338623,7.924949645996094,337660
2020-08-10 00:00:00+05:30,7.800000190734863,8.0,7.679999828338623,7.695000171661377,7.690099239349365,444950
2020-08-11 00:00:00+05:30,7.699999809265137,7.699999809265137,7.650000095367432,7.650000095367432,7.64512825012207,528100
2020-08-12 00:00:00+05:30,7.599999904632568,7.699999809265137,7.599999904632568,7.690000057220459,7.685102462768555,317440
2020-08-13 00:00:00+05:30,7.679999828338623,8.069999694824219,7.639999866485596,8.069999694824219,8.064860343933105,286180
2020-08-14 00:00:00+05:30,8.390000343322754,8.470000267028809,8.199999809265137,8.46500015258789,8.459609031677246,712210
2020-08-17 00:00:00+05:30,8.880000114440918,8.885000228881836,8.5,8.5,8.494586944580078,378860
2020-08-18 00:00:00+05:30,8.6850004196167,8.925000190734863,8.5,8.90999984741211,8.904325485229492,2631350
2020-08-19 00:00:00+05:30,8.75,9.300000190734863,8.725000381469727,9.010000228881836,9.00426197052002,913400
2020-08-20 00:00:00+05:30,8.739999771118164,9.460000038146973,8.739999771118164,9.140000343322754,9.13417911529541,1250730
2020-08-21 00:00:00+05:30,9.539999961853027,9.539999961853027,8.859999656677246,9.319999694824219,9.314064025878906,953500
2020-08-24 00:00:00+05:30,9.0,9.5,9.0,9.319999694824219,9.314064025878906,1186760
2020-08-25 00:00:00+05:30,9.390000343322754,9.390000343322754,9.0649995803833,9.119999885559082,9.114191055297852,217070
2020-08-26 00:00:00+05:30,9.199999809265137,9.244999885559082,8.859999656677246,8.954999923706055,8.949296951293945,257280
2020-08-27 00:00:00+05:30,9.09000015258789,9.399999618530273,8.975000381469727,9.130000114440918,9.124184608459473,2004620
2020-08-28 00:00:00+05:30,9.100000381469727,9.289999961853027,8.930000305175781,9.03499984741211,9.029245376586914,90180
2020-08-31 00:00:00+05:30,9.164999961853027,9.164999961853027,8.699999809265137,8.704999923706055,8.699455261230469,1068660
2020-09-01 00:00:00+05:30,8.704999923706055,9.125,8.449999809265137,8.805000305175781,8.799392700195312,612920
2020-09-02 00:00:00+05:30,8.805000305175781,8.805000305175781,8.5,8.649999618530273,8.644491195678711,257110
2020-09-03 00:00:00+05:30,8.604999542236328,8.875,8.600000381469727,8.664999961853027,8.6594820022583,897320
2020-09-04 00:00:00+05:30,8.795000076293945,8.800000190734863,8.59000015258789,8.619999885559082,8.614509582519531,270110
2020-09-07 00:00:00+05:30,8.649999618530273,8.795000076293945,8.4399995803833,8.4399995803833,8.434623718261719,173130
2020-09-08 00:00:00+05:30,8.765000343322754,8.765000343322754,8.364999771118164,8.489999771118164,8.48459243774414,804230
2020-09-09 00:00:00+05:30,8.5,8.5,8.199999809265137,8.25,8.244746208190918,310290
2020-09-10 00:00:00+05:30,8.5,8.5,8.180000305175781,8.335000038146973,8.329691886901855,1190890
2020-09-11 00:00:00+05:30,8.494999885559082,8.5,8.100000381469727,8.149999618530273,8.144808769226074,644080
2020-09-14 00:00:00+05:30,8.489999771118164,8.555000305175781,8.25,8.555000305175781,8.549551010131836,2591740
2020-09-15 00:00:00+05:30,8.979999542236328,8.979999542236328,8.600000381469727,8.805000305175781,8.799392700195312,706700
2020-09-16 00:00:00+05:30,8.984999656677246,9.244999885559082,8.819999694824219,9.244999885559082,9.239110946655273,982640
2020-09-17 00:00:00+05:30,9.475000381469727,9.704999923706055,8.899999618530273,9.704999923706055,9.69881820678711,1349320
2020-09-18 00:00:00+05:30,10.145000457763672,10.1899995803833,9.800000190734863,10.175000190734863,10.168519973754883,812850
2020-09-21 00:00:00+05:30,10.664999961853027,10.680000305175781,10.0,10.180000305175781,10.173517227172852,349050
2020-09-22 00:00:00+05:30,10.5,10.6850004196167,10.170000076293945,10.295000076293945,10.288443565368652,168550
2020-09-23 00:00:00+05:30,10.795000076293945,10.795000076293945,10.204999923706055,10.444999694824219,10.438346862792969,58330
2020-09-24 00:00:00+05:30,10.444999694824219,10.449999809265137,10.050000190734863,10.175000190734863,10.168519973754883,163680
2020-09-25 00:00:00+05:30,10.680000305175781,10.680000305175781,10.125,10.3100004196167,10.303434371948242,302430
2020-09-28 00:00:00+05:30,10.800000190734863,10.824999809265137,10.100000381469727,10.390000343322754,10.383382797241211,338660
2020-09-29 00:00:00+05:30,10.765000343322754,10.765000343322754,10.119999885559082,10.289999961853027,10.283446311950684,34620
2020-09-30 00:00:00+05:30,10.289999961853027,10.539999961853027,9.904999732971191,10.109999656677246,10.103560447692871,576750
2020-10-01 00:00:00+05:30,10.289999961853027,10.295000076293945,9.994999885559082,10.085000038146973,10.078577041625977,216340
2020-10-05 00:00:00+05:30,10.194999694824219,10.194999694824219,9.9399995803833,10.095000267028809,10.088570594787598,89120
2020-10-06 00:00:00+05:30,10.1850004196167,10.1850004196167,9.975000381469727,10.0,9.993630409240723,47580
2020-10-07 00:00:00+05:30,10.095000267028809,10.100000381469727,9.989999771118164,10.0,9.993630409240723,72060
2020-10-08 00:00:00+05:30,10.300000190734863,10.5,10.0,10.5,10.49331283569336,201080
2020-10-09 00:00:00+05:30,10.600000381469727,11.024999618530273,10.470000267028809,10.675000190734863,10.668200492858887,992640
2020-10-12 00:00:00+05:30,10.984999656677246,11.204999923706055,10.494999885559082,10.5,10.49331283569336,345050
2020-10-13 00:00:00+05:30,10.399999618530273,10.585000038146973,10.364999771118164,10.395000457763672,10.38838005065918,55770
2020-10-14 00:00:00+05:30,10.489999771118164,10.494999885559082,10.149999618530273,10.1850004196167,10.178513526916504,44910
2020-10-15 00:00:00+05:30,10.494999885559082,10.494999885559082,10.039999961853027,10.09000015258789,10.083573341369629,24310
2020-10-16 00:00:00+05:30,10.010000228881836,10.095000267028809,10.0,10.09000015258789,10.083573341369629,17750
2020-10-19 00:00:00+05:30,10.0,10.345000267028809,9.975000381469727,9.979999542236328,9.97364330291748,53640
2020-10-20 00:00:00+05:30,10.09000015258789,10.09000015258789,9.800000190734863,9.800000190734863,9.7937593460083,201630
2020-10-21 00:00:00+05:30,10.1899995803833,10.1899995803833,9.649999618530273,9.725000381469727,9.718806266784668,37140
2020-10-22 00:00:00+05:30,9.84000015258789,9.895000457763672,9.255000114440918,9.755000114440918,9.748786926269531,210350
2020-10-23 00:00:00+05:30,9.795000076293945,9.800000190734863,9.609999656677246,9.78499984741211,9.778768539428711,555310
2020-10-26 00:00:00+05:30,9.78499984741211,9.84000015258789,9.675000190734863,9.744999885559082,9.73879337310791,1053110
2020-10-27 00:00:00+05:30,9.699999809265137,9.760000228881836,9.640000343322754,9.725000381469727,9.718806266784668,528560
2020-10-28 00:00:00+05:30,9.760000228881836,9.760000228881836,9.664999961853027,9.699999809265137,9.693821907043457,266360
2020-10-29 00:00:00+05:30,9.779999732971191,9.779999732971191,9.5,9.694999694824219,9.688824653625488,71560
2020-10-30 00:00:00+05:30,9.604999542236328,9.699999809265137,9.53499984741211,9.65999984741211,9.653847694396973,36550
2020-11-02 00:00:00+05:30,9.600000381469727,9.75,9.53499984741211,9.744999885559082,9.73879337310791,69300
2020-11-03 00:00:00+05:30,9.604999542236328,9.760000228881836,9.574999809265137,9.699999809265137,9.693821907043457,78210
2020-11-04 00:00:00+05:30,9.649999618530273,9.75,9.539999961853027,9.704999923706055,9.69881820678711,83590
2020-11-05 00:00:00+05:30,9.604999542236328,9.739999771118164,9.59000015258789,9.704999923706055,9.69881820678711,115960
2020-11-06 00:00:00+05:30,9.704999923706055,9.779999732971191,9.654999732971191,9.699999809265137,9.693821907043457,31600
2020-11-09 00:00:00+05:30,9.699999809265137,9.824999809265137,9.675000190734863,9.795000076293945,9.788762092590332,91990
2020-11-10 00:00:00+05:30,9.805000305175781,10.100000381469727,9.739999771118164,9.994999885559082,9.98863410949707,220810
2020-11-11 00:00:00+05:30,10.100000381469727,10.100000381469727,9.720000267028809,9.789999961853027,9.783764839172363,123820
2020-11-12 00:00:00+05:30,9.880000114440918,9.880000114440918,9.6899995803833,9.739999771118164,9.733796119689941,87160
2020-11-13 00:00:00+05:30,9.8100004196167,9.8100004196167,9.619999885559082,9.619999885559082,9.613873481750488,39770
2020-11-14 00:00:00+05:30,9.800000190734863,9.899999618530273,9.694999694824219,9.770000457763672,9.763777732849121,28890
2020-11-17 00:00:00+05:30,9.680000305175781,9.774999618530273,9.529999732971191,9.59000015258789,9.583891868591309,98230
2020-11-18 00:00:00+05:30,9.489999771118164,9.734999656677246,9.489999771118164,9.59000015258789,9.583891868591309,150520
2020-11-19 00:00:00+05:30,9.734999656677246,9.774999618530273,9.59000015258789,9.619999885559082,9.613873481750488,32990
2020-11-20 00:00:00+05:30,9.779999732971191,9.779999732971191,9.460000038146973,9.579999923706055,9.573898315429688,56680
2020-11-23 00:00:00+05:30,9.5,10.055000305175781,9.494999885559082,10.024999618530273,10.018614768981934,334890
2020-11-24 00:00:00+05:30,10.0,10.524999618530273,9.989999771118164,10.524999618530273,10.518296241760254,291110
2020-11-25 00:00:00+05:30,10.899999618530273,11.050000190734863,10.800000190734863,11.050000190734863,11.042963027954102,1338130
2020-11-26 00:00:00+05:30,11.25,11.399999618530273,10.5,11.175000190734863,11.167882919311523,1396470
2020-11-27 00:00:00+05:30,11.005000114440918,11.729999542236328,10.619999885559082,11.529999732971191,11.522656440734863,5816620
2020-12-01 00:00:00+05:30,11.795000076293945,12.104999542236328,11.529999732971191,11.6850004196167,11.677557945251465,3631330
2020-12-02 00:00:00+05:30,11.75,11.755000114440918,11.359999656677246,11.569999694824219,11.562630653381348,300410
2020-12-03 00:00:00+05:30,11.989999771118164,11.989999771118164,11.199999809265137,11.479999542236328,11.472688674926758,209050
2020-12-04 00:00:00+05:30,11.699999809265137,11.800000190734863,11.100000381469727,11.204999923706055,11.197863578796387,674700
2020-12-07 00:00:00+05:30,11.300000190734863,11.765000343322754,11.199999809265137,11.755000114440918,11.747513771057129,893040
2020-12-08 00:00:00+05:30,12.194999694824219,12.34000015258789,11.699999809265137,12.34000015258789,12.332140922546387,460480
2020-12-09 00:00:00+05:30,12.694999694824219,12.954999923706055,12.350000381469727,12.944999694824219,12.936755180358887,1625340
2020-12-10 00:00:00+05:30,13.380000114440918,13.385000228881836,12.399999618530273,12.470000267028809,12.462058067321777,219430
2020-12-11 00:00:00+05:30,12.880000114440918,13.050000190734863,12.300000190734863,12.524999618530273,12.517022132873535,119270
2020-12-14 00:00:00+05:30,12.954999923706055,13.039999961853027,12.300000190734863,12.595000267028809,12.586978912353516,104060
2020-12-15 00:00:00+05:30,12.975000381469727,12.975000381469727,12.3149995803833,12.425000190734863,12.417086601257324,235070
2020-12-16 00:00:00+05:30,12.675000190734863,12.699999809265137,12.319999694824219,12.555000305175781,12.547003746032715,71060
2020-12-17 00:00:00+05:30,12.59000015258789,12.9399995803833,12.300000190734863,12.40999984741211,12.402095794677734,396620
2020-12-18 00:00:00+05:30,12.399999618530273,12.649999618530273,12.210000038146973,12.359999656677246,12.352127075195312,99150
2020-12-21 00:00:00+05:30,12.579999923706055,12.595000267028809,11.755000114440918,11.854999542236328,11.84744930267334,1140580
2020-12-22 00:00:00+05:30,12.300000190734863,12.300000190734863,11.364999771118164,11.444999694824219,11.437710762023926,1163930
2020-12-23 00:00:00+05:30,11.274999618530273,11.680000305175781,11.109999656677246,11.4399995803833,11.432713508605957,533890
2020-12-24 00:00:00+05:30,11.444999694824219,11.78499984741211,11.300000190734863,11.395000457763672,11.38774299621582,449230
2020-12-28 00:00:00+05:30,11.635000228881836,11.75,11.300000190734863,11.359999656677246,11.352765083312988,135640
2020-12-29 00:00:00+05:30,11.345000267028809,11.399999618530273,11.210000038146973,11.300000190734863,11.292803764343262,61410
2020-12-30 00:00:00+05:30,11.800000190734863,11.864999771118164,10.800000190734863,11.850000381469727,11.842453002929688,1304570
2020-12-31 00:00:00+05:30,12.1899995803833,12.4399995803833,11.324999809265137,12.369999885559082,12.36212158203125,738320
2021-01-01 00:00:00+05:30,12.369999885559082,12.670000076293945,12.0,12.25,12.24219799041748,146080
2021-01-04 00:00:00+05:30,12.399999618530273,12.699999809265137,12.154999732971191,12.4350004196167,12.427081108093262,406820
2021-01-05 00:00:00+05:30,12.789999961853027,12.789999961853027,12.354999542236328,12.539999961853027,12.532012939453125,913400
2021-01-06 00:00:00+05:30,12.680000305175781,12.699999809265137,12.25,12.3100004196167,12.302160263061523,124600
2021-01-07 00:00:00+05:30,12.739999771118164,12.739999771118164,12.100000381469727,12.220000267028809,12.212217330932617,325200
2021-01-08 00:00:00+05:30,12.635000228881836,12.635000228881836,12.279999732971191,12.335000038146973,12.327144622802734,245960
2021-01-11 00:00:00+05:30,12.600000381469727,12.600000381469727,12.300000190734863,12.390000343322754,12.382108688354492,118370
2021-01-12 00:00:00+05:30,12.390000343322754,12.585000038146973,12.0,12.329999923706055,12.322147369384766,129010
2021-01-13 00:00:00+05:30,12.579999923706055,12.600000381469727,12.175000190734863,12.21500015258789,12.207220077514648,145130
2021-01-14 00:00:00+05:30,12.494999885559082,12.494999885559082,12.149999618530273,12.270000457763672,12.262186050415039,372290
2021-01-15 00:00:00+05:30,12.399999618530273,12.399999618530273,12.149999618530273,12.295000076293945,12.287169456481934,95620
2021-01-18 00:00:00+05:30,12.494999885559082,12.494999885559082,11.800000190734863,11.9350004196167,11.927398681640625,53620
2021-01-19 00:00:00+05:30,12.300000190734863,12.300000190734863,11.899999618530273,11.96500015258789,11.957379341125488,56640
2021-01-20 00:00:00+05:30,12.229999542236328,12.229999542236328,11.699999809265137,11.779999732971191,11.772497177124023,48830
2021-01-21 00:00:00+05:30,12.079999923706055,12.364999771118164,11.699999809265137,11.734999656677246,11.72752571105957,214790
2021-01-22 00:00:00+05:30,12.09000015258789,12.09000015258789,11.515000343322754,11.579999923706055,11.572625160217285,39190
2021-01-25 00:00:00+05:30,11.979999542236328,11.984999656677246,11.350000381469727,11.399999618530273,11.392738342285156,29530
2021-01-27 00:00:00+05:30,11.789999961853027,11.789999961853027,11.364999771118164,11.380000114440918,11.37275218963623,45360
2021-01-28 00:00:00+05:30,11.6899995803833,11.6899995803833,10.850000381469727,10.904999732971191,10.898055076599121,3389290
2021-01-29 00:00:00+05:30,11.050000190734863,11.199999809265137,10.390000343322754,10.425000190734863,10.418360710144043,469500
2021-02-01 00:00:00+05:30,10.3100004196167,10.46500015258789,10.1899995803833,10.3100004196167,10.303434371948242,101130
2021-02-02 00:00:00+05:30,10.5,10.5600004196167,10.095000267028809,10.335000038146973,10.328417778015137,247440
2021-02-03 00:00:00+05:30,10.395000457763672,10.5,10.239999771118164,10.470000267028809,10.463332176208496,242120
2021-02-04 00:00:00+05:30,10.470000267028809,10.595000267028809,10.425000190734863,10.524999618530273,10.518296241760254,419170
2021-02-05 00:00:00+05:30,10.529999732971191,10.800000190734863,10.489999771118164,10.5,10.49331283569336,255700
2021-02-08 00:00:00+05:30,10.595000267028809,10.595000267028809,10.4399995803833,10.444999694824219,10.438346862792969,68580
2021-02-09 00:00:00+05:30,10.4399995803833,10.494999885559082,10.324999809265137,10.475000381469727,10.468329429626465,351330
2021-02-10 00:00:00+05:30,10.595000267028809,10.595000267028809,10.399999618530273,10.510000228881836,10.503307342529297,244620
2021-02-11 00:00:00+05:30,10.595000267028809,10.595000267028809,10.479999542236328,10.520000457763672,10.513299942016602,152750
2021-02-12 00:00:00+05:30,10.59000015258789,10.640000343322754,10.345000267028809,10.420000076293945,10.413363456726074,505250
2021-02-15 00:00:00+05:30,10.595000267028809,10.9399995803833,10.399999618530273,10.9399995803833,10.93303108215332,577950
2021-02-16 00:00:00+05:30,10.979999542236328,11.484999656677246,10.979999542236328,11.420000076293945,11.412726402282715,470200
2021-02-17 00:00:00+05:30,11.545000076293945,11.989999771118164,11.5,11.904999732971191,11.897418022155762,1750970
2021-02-18 00:00:00+05:30,11.90999984741211,12.5,11.90999984741211,12.430000305175781,12.422083854675293,5444640
2021-02-19 00:00:00+05:30,13.050000190734863,13.050000190734863,12.805000305175781,13.050000190734863,13.041688919067383,756930
2021-02-22 00:00:00+05:30,13.699999809265137,13.699999809265137,13.300000190734863,13.444999694824219,13.436436653137207,2446400
2021-02-23 00:00:00+05:30,13.545000076293945,13.944999694824219,12.779999732971191,12.875,12.866800308227539,603030
2021-02-24 00:00:00+05:30,13.350000381469727,13.350000381469727,12.760000228881836,12.859999656677246,12.856801986694336,140940
2021-02-25 00:00:00+05:30,12.649999618530273,13.399999618530273,12.220000267028809,12.239999771118164,12.236955642700195,7091120
2021-02-26 00:00:00+05:30,12.145000457763672,12.145000457763672,11.699999809265137,11.704999923706055,11.702089309692383,280380
2021-03-01 00:00:00+05:30,11.510000228881836,11.984999656677246,11.300000190734863,11.550000190734863,11.547127723693848,2277590
2021-03-02 00:00:00+05:30,11.800000190734863,12.125,11.579999923706055,12.119999885559082,12.116986274719238,3806200
2021-03-03 00:00:00+05:30,12.399999618530273,12.399999618530273,11.604999542236328,11.944999694824219,11.942028999328613,402020
2021-03-04 00:00:00+05:30,11.550000190734863,12.300000190734863,11.550000190734863,11.9350004196167,11.932032585144043,2306040
2021-03-05 00:00:00+05:30,12.024999618530273,12.170000076293945,11.359999656677246,11.449999809265137,11.447152137756348,342990
2021-03-08 00:00:00+05:30,11.765000343322754,11.765000343322754,11.399999618530273,11.680000305175781,11.677095413208008,505410
2021-03-09 00:00:00+05:30,11.899999618530273,11.994999885559082,11.225000381469727,11.725000381469727,11.722084999084473,9233340
2021-03-10 00:00:00+05:30,11.654999732971191,11.975000381469727,11.550000190734863,11.704999923706055,11.702089309692383,1222700
2021-03-12 00:00:00+05:30,11.704999923706055,11.975000381469727,11.354999542236328,11.4399995803833,11.437154769897461,240850
2021-03-15 00:00:00+05:30,11.399999618530273,11.880000114440918,11.199999809265137,11.265000343322754,11.262199401855469,176420
2021-03-16 00:00:00+05:30,11.300000190734863,11.824999809265137,11.100000381469727,11.295000076293945,11.292191505432129,3979480
2021-03-17 00:00:00+05:30,11.430000305175781,11.854999542236328,11.3100004196167,11.40999984741211,11.4071626663208,714700
2021-03-18 00:00:00+05:30,11.640000343322754,11.640000343322754,11.050000190734863,11.204999923706055,11.202213287353516,6411700
2021-03-19 00:00:00+05:30,11.279999732971191,11.765000343322754,11.079999923706055,11.359999656677246,11.35717487335205,2760990
2021-03-22 00:00:00+05:30,11.359999656677246,11.619999885559082,11.274999618530273,11.420000076293945,11.417160034179688,3344140
2021-03-23 00:00:00+05:30,11.5600004196167,11.75,11.074999809265137,11.199999809265137,11.19721508026123,3267930
2021-03-24 00:00:00+05:30,11.390000343322754,11.760000228881836,10.899999618530273,11.140000343322754,11.137229919433594,9531760
2021-03-25 00:00:00+05:30,11.449999809265137,11.475000381469727,11.100000381469727,11.270000457763672,11.267197608947754,339510
2021-03-26 00:00:00+05:30,11.270000457763672,11.699999809265137,10.925000190734863,11.234999656677246,11.232205390930176,510390
2021-03-30 00:00:00+05:30,11.300000190734863,11.795000076293945,11.15999984741211,11.739999771118164,11.737080574035645,1618260
2021-03-31 00:00:00+05:30,11.895000457763672,12.324999809265137,11.694999694824219,12.109999656677246,12.106987953186035,1297230
2021-04-01 00:00:00+05:30,12.595000267028809,12.6899995803833,11.850000381469727,12.055000305175781,12.052002906799316,560170
2021-04-05 00:00:00+05:30,12.050000190734863,12.050000190734863,11.550000190734863,11.65999984741211,11.657100677490234,269420
2021-04-06 00:00:00+05:30,11.574999809265137,12.100000381469727,11.550000190734863,11.760000228881836,11.757076263427734,6757430
2021-04-07 00:00:00+05:30,11.850000381469727,12.345000267028809,11.645000457763672,12.324999809265137,12.321934700012207,1298980
2021-04-08 00:00:00+05:30,12.9399995803833,12.9399995803833,12.154999732971191,12.829999923706055,12.826809883117676,1155150
2021-04-09 00:00:00+05:30,13.09000015258789,13.270000457763672,12.489999771118164,12.574999809265137,12.57187271118164,1171400
2021-04-12 00:00:00+05:30,12.46500015258789,12.494999885559082,11.970000267028809,12.015000343322754,12.012012481689453,379390
2021-04-13 00:00:00+05:30,12.289999961853027,12.289999961853027,11.880000114440918,11.96500015258789,11.962024688720703,169750
2021-04-15 00:00:00+05:30,12.15999984741211,12.5600004196167,11.425000190734863,11.914999961853027,11.912036895751953,2823680
2021-04-16 00:00:00+05:30,11.970000267028809,12.0,11.699999809265137,11.734999656677246,11.732081413269043,221110
2021-04-19 00:00:00+05:30,11.699999809265137,11.989999771118164,11.3100004196167,11.420000076293945,11.417160034179688,1066600
2021-04-20 00:00:00+05:30,11.350000381469727,11.670000076293945,11.15999984741211,11.28499984741211,11.282193183898926,210640
2021-04-22 00:00:00+05:30,11.300000190734863,11.545000076293945,11.100000381469727,11.1850004196167,11.182219505310059,1259300
2021-04-23 00:00:00+05:30,11.28499984741211,11.289999961853027,10.835000038146973,11.0,10.997264862060547,1023290
2021-04-26 00:00:00+05:30,11.0,11.550000190734863,11.0,11.550000190734863,11.547127723693848,1715430
2021-04-27 00:00:00+05:30,11.795000076293945,12.125,11.449999809265137,12.125,12.121984481811523,3375010
2021-04-28 00:00:00+05:30,12.479999542236328,12.479999542236328,11.800000190734863,11.890000343322754,11.887043952941895,1238200
2021-04-29 00:00:00+05:30,12.005000114440918,12.479999542236328,11.805000305175781,12.430000305175781,12.426909446716309,6062880
2021-04-30 00:00:00+05:30,12.364999771118164,12.635000228881836,12.079999923706055,12.130000114440918,12.126983642578125,1218850
2021-05-03 00:00:00+05:30,12.199999809265137,12.199999809265137,11.609999656677246,11.904999732971191,11.902039527893066,1394540
2021-05-04 00:00:00+05:30,11.90999984741211,12.21500015258789,11.699999809265137,11.805000305175781,11.802064895629883,1152870
2021-05-05 00:00:00+05:30,11.774999618530273,12.09000015258789,11.699999809265137,11.725000381469727,11.722084999084473,2258040
2021-05-06 00:00:00+05:30,11.944999694824219,12.3100004196167,11.6850004196167,12.3100004196167,12.306939125061035,1584950
2021-05-07 00:00:00+05:30,12.699999809265137,12.925000190734863,12.295000076293945,12.925000190734863,12.921786308288574,4624700
2021-05-10 00:00:00+05:30,13.569999694824219,13.569999694824219,13.399999618530273,13.425000190734863,13.421661376953125,8175450
2021-05-11 00:00:00+05:30,13.479999542236328,14.095000267028809,13.390000343322754,13.885000228881836,13.881546974182129,11717470
2021-05-12 00:00:00+05:30,14.25,14.574999809265137,13.704999923706055,14.404999732971191,14.40141773223877,3161970
2021-05-14 00:00:00+05:30,14.574999809265137,15.125,14.5,15.125,15.121238708496094,1338530
2021-05-17 00:00:00+05:30,15.699999809265137,15.880000114440918,15.199999809265137,15.864999771118164,15.861054420471191,4338890
2021-05-18 00:00:00+05:30,16.424999237060547,16.655000686645508,15.9399995803833,16.6200008392334,16.615867614746094,3491080
2021-05-19 00:00:00+05:30,17.139999389648438,17.450000762939453,17.049999237060547,17.450000762939453,17.445661544799805,2708200
2021-05-20 00:00:00+05:30,18.274999618530273,18.31999969482422,17.799999237060547,18.31999969482422,18.315444946289062,5489980
2021-05-21 00:00:00+05:30,19.09000015258789,19.235000610351562,18.100000381469727,18.15999984741211,18.15548324584961,5451110
2021-05-24 00:00:00+05:30,18.200000762939453,18.389999389648438,17.46500015258789,17.684999465942383,17.680601119995117,1058200
2021-05-25 00:00:00+05:30,17.795000076293945,18.110000610351562,17.399999618530273,17.704999923706055,17.700597763061523,2021370
2021-05-26 00:00:00+05:30,17.889999389648438,18.170000076293945,17.469999313354492,17.795000076293945,17.79057502746582,3704750
2021-05-27 00:00:00+05:30,18.094999313354492,18.094999313354492,17.5049991607666,17.6200008392334,17.615619659423828,1792160
2021-05-28 00:00:00+05:30,17.795000076293945,18.049999237060547,17.270000457763672,17.575000762939453,17.57063102722168,1774580
2021-05-31 00:00:00+05:30,17.670000076293945,18.350000381469727,17.540000915527344,17.920000076293945,17.915544509887695,2110360
2021-06-01 00:00:00+05:30,18.815000534057617,18.815000534057617,18.0,18.514999389648438,18.510395050048828,4827860
2021-06-02 00:00:00+05:30,18.799999237060547,19.434999465942383,18.0,18.700000762939453,18.695350646972656,2584400
2021-06-03 00:00:00+05:30,18.989999771118164,19.399999618530273,18.6200008392334,18.80500030517578,18.800323486328125,1509280
2021-06-04 00:00:00+05:30,18.889999389648438,19.190000534057617,18.510000228881836,18.795000076293945,18.790327072143555,1023610
2021-06-07 00:00:00+05:30,18.809999465942383,18.969999313354492,17.90999984741211,18.264999389648438,18.26045799255371,4489350
2021-06-08 00:00:00+05:30,18.440000534057617,18.450000762939453,17.600000381469727,17.729999542236328,17.725589752197266,2177600
2021-06-09 00:00:00+05:30,17.90999984741211,18.399999618530273,17.489999771118164,18.075000762939453,18.070505142211914,382990
2021-06-10 00:00:00+05:30,18.100000381469727,18.299999237060547,18.100000381469727,18.149999618530273,18.14548683166504,991250
2021-06-11 00:00:00+05:30,18.2450008392334,18.450000762939453,18.200000762939453,18.204999923706055,18.20047378540039,518040
2021-06-14 00:00:00+05:30,18.399999618530273,18.399999618530273,17.875,17.940000534057617,17.93553924560547,102170
2021-06-15 00:00:00+05:30,18.354999542236328,18.354999542236328,17.80500030517578,17.844999313354492,17.840560913085938,94920
2021-06-16 00:00:00+05:30,17.799999237060547,17.950000762939453,17.459999084472656,17.80500030517578,17.800573348999023,1803880
2021-06-17 00:00:00+05:30,17.9950008392334,17.9950008392334,17.299999237060547,17.34000015258789,17.3356876373291,727360
2021-06-18 00:00:00+05:30,17.780000686645508,17.790000915527344,17.104999542236328,17.229999542236328,17.22571563720703,302460
2021-06-21 00:00:00+05:30,17.0,17.649999618530273,16.780000686645508,17.559999465942383,17.555633544921875,440450
2021-06-22 00:00:00+05:30,17.5,17.600000381469727,17.415000915527344,17.44499969482422,17.440662384033203,816290
2021-06-23 00:00:00+05:30,17.795000076293945,17.795000076293945,17.375,17.46500015258789,17.460657119750977,2903560
2021-06-24 00:00:00+05:30,17.5,17.5,17.395000457763672,17.399999618530273,17.395671844482422,840310
2021-06-25 00:00:00+05:30,17.450000762939453,17.450000762939453,16.700000762939453,17.31999969482422,17.315692901611328,3097140
2021-06-28 00:00:00+05:30,17.350000381469727,17.350000381469727,17.0,17.110000610351562,17.105745315551758,3790820
2021-06-29 00:00:00+05:30,17.100000381469727,17.450000762939453,17.045000076293945,17.385000228881836,17.38067626953125,6877090
2021-06-30 00:00:00+05:30,17.799999237060547,17.799999237060547,17.350000381469727,17.649999618530273,17.645610809326172,7331060
